Epoch	Batch	Perplexity
1	1	26462.7062
1	2	14186.3392
1	3	8955.7402
1	4	7470.9787
1	5	6230.4247
1	6	6219.9937
1	7	6420.7126
1	8	5135.4875
1	9	3823.0948
1	10	4399.0586
1	11	2999.0764
1	12	2949.2733
1	13	2680.8187
1	14	2283.9554
1	15	1584.6854
1	16	1556.2580
1	17	1120.7937
1	18	1292.4146
1	19	1086.8737
1	20	1433.4945
1	21	1196.1650
1	22	708.0440
1	23	921.6383
1	24	876.2479
1	25	805.8617
1	26	620.0322
1	27	517.5724
1	28	517.7071
1	29	419.4098
1	30	321.7547
1	31	537.6396
1	32	480.0563
1	33	359.6075
1	34	331.5121
1	35	544.4744
1	36	396.7689
1	37	335.8491
1	38	416.5700
1	39	331.4901
1	40	357.8420
1	41	364.9072
1	42	296.2357
1	43	393.4596
1	44	280.6951
1	45	244.2331
1	46	334.8656
1	47	234.1201
1	48	322.3550
1	49	249.9316
1	50	223.8550
1	51	218.8306
1	52	250.4821
1	53	367.3545
1	54	250.5288
1	55	258.9579
1	56	239.2400
1	57	184.7439
1	58	293.5927
1	59	196.4531
1	60	174.4778
1	61	227.6453
1	62	405.4441
1	63	356.0155
1	64	180.4287
1	65	296.1918
1	66	297.0203
1	67	237.0684
1	68	260.2442
1	69	223.7137
1	70	208.7290
1	71	178.5496
1	72	265.7094
1	73	163.7468
1	74	198.2027
1	75	179.3408
1	76	187.2138
1	77	148.6834
1	78	211.1580
1	79	196.4545
1	80	184.6870
1	81	195.1756
1	82	165.3086
1	83	202.3019
1	84	177.3664
1	85	280.6769
1	86	158.7452
1	87	223.9712
1	88	197.8888
1	89	175.8130
1	90	174.6756
1	91	158.7593
1	92	182.5399
1	93	210.3580
1	94	197.2050
1	95	136.6767
1	96	167.2924
1	97	227.2255
1	98	223.7583
1	99	127.7502
1	100	146.2616
1	101	222.2410
1	102	272.3918
1	103	133.4549
1	104	186.6663
1	105	157.2877
1	106	235.3538
1	107	177.5526
1	108	193.7579
1	109	137.7985
1	110	163.0019
1	111	230.8206
1	112	186.6265
1	113	174.2184
1	114	164.1753
1	115	197.3514
1	116	189.7600
1	117	168.0493
1	118	129.9647
1	119	142.4189
1	120	160.0747
1	121	135.1634
1	122	231.8185
1	123	199.5466
1	124	233.7797
1	125	158.4093
1	126	171.4361
1	127	247.7369
1	128	166.8232
1	129	98.8376
1	130	175.1798
1	131	187.5887
1	132	115.7723
1	133	152.8152
1	134	166.9701
1	135	161.6620
1	136	143.4050
1	137	121.6366
1	138	193.3163
1	139	110.0977
1	140	138.5358
1	141	156.1863
1	142	145.7753
1	143	179.7201
1	144	113.8681
1	145	126.6409
1	146	118.9549
1	147	164.2442
1	148	208.9832
1	149	143.2862
1	150	155.2588
1	151	244.6082
1	152	123.1267
1	153	143.3628
1	154	138.4409
1	155	182.4238
1	156	133.4600
1	157	127.8147
1	158	120.0054
1	159	201.1221
1	160	111.7681
1	161	132.4349
1	162	184.1043
1	163	209.8748
1	164	126.0909
1	165	171.9639
1	166	164.1144
1	167	98.1757
1	168	142.4307
1	169	124.6987
1	170	175.0615
1	171	153.8234
1	172	139.0301
1	173	112.5298
1	174	136.9026
1	175	125.4922
1	176	143.4656
1	177	130.6763
1	178	125.1480
1	179	119.3626
1	180	166.5811
1	181	163.8194
1	182	124.3371
1	183	161.3125
1	184	153.4120
1	185	158.4350
1	186	171.6093
1	187	202.4411
1	188	165.0645
1	189	188.2823
1	190	101.7698
1	191	142.4223
1	192	128.8142
1	193	128.6408
1	194	191.2352
1	195	154.2763
1	196	123.9597
1	197	139.3717
1	198	120.9523
1	199	103.5962
1	200	125.5587
1	201	140.7499
1	202	195.5432
1	203	167.6587
1	204	149.0320
1	205	158.5989
1	206	169.1410
1	207	158.6355
1	208	120.6880
1	209	95.5868
1	210	94.6542
1	211	116.0684
1	212	117.9151
1	213	149.4420
1	214	149.4278
1	215	182.4016
1	216	93.6227
1	217	156.6676
1	218	182.7630
1	219	130.3760
1	220	121.9744
1	221	97.0808
1	222	101.2097
1	223	149.6992
1	224	170.8608
1	225	131.7416
1	226	138.1617
1	227	146.6612
1	228	178.1663
1	229	136.4910
1	230	154.7025
1	231	164.1977
1	232	171.5801
1	233	150.3916
1	234	94.2351
1	235	234.3508
1	236	107.4761
1	237	129.2335
1	238	140.2029
1	239	119.9481
1	240	139.1939
1	241	143.8430
1	242	107.4670
1	243	137.8009
1	244	146.8191
1	245	127.9225
1	246	117.5725
1	247	105.8285
1	248	140.0026
1	249	174.0280
1	250	175.9425
1	251	97.7873
1	252	106.0758
1	253	90.5454
1	254	120.1352
1	255	131.4514
1	256	107.9833
1	257	118.3128
1	258	126.5117
1	259	87.7323
1	260	109.9580
1	261	117.9291
1	262	152.6830
1	263	147.5764
1	264	84.7961
1	265	97.5478
1	266	85.1660
1	267	143.0556
1	268	136.2434
1	269	131.0194
1	270	132.4935
1	271	162.8029
1	272	115.1371
1	273	111.4324
1	274	110.8968
1	275	81.8992
1	276	129.8235
1	277	105.1814
1	278	80.3051
1	279	105.7102
1	280	115.7976
1	281	109.9584
1	282	58.7081
1	283	135.3397
1	284	115.5384
1	285	109.6145
1	286	119.9207
1	287	108.2484
1	288	141.5233
1	289	97.0708
1	290	160.4701
1	291	86.7978
1	292	145.3976
1	293	166.4049
1	294	88.9461
1	295	173.0523
1	296	94.7615
1	297	106.7013
1	298	98.9095
1	299	99.7545
1	300	116.7667
1	301	154.6945
1	302	87.5249
1	303	91.3710
1	304	176.2005
1	305	132.2097
1	306	90.9608
1	307	131.4940
1	308	123.1282
1	309	88.6673
1	310	128.1756
1	311	91.7777
1	312	111.9826
1	313	131.1673
1	314	112.0888
1	315	120.5552
1	316	94.7184
1	317	111.8455
1	318	91.1998
1	319	85.1698
1	320	179.0828
1	321	143.9184
1	322	158.0245
1	323	168.6976
1	324	122.6246
1	325	124.5607
1	326	91.7860
1	327	88.0841
1	328	86.7758
1	329	103.9146
1	330	106.5493
1	331	128.8463
1	332	88.5435
1	333	115.5784
1	334	122.5565
1	335	116.9798
1	336	116.8648
1	337	89.5102
1	338	75.9538
1	339	121.0619
1	340	87.3861
1	341	129.2729
1	342	124.3903
1	343	113.6439
1	344	89.7431
1	345	119.1166
1	346	79.0420
1	347	86.9795
1	348	99.1102
1	349	124.3546
1	350	88.2181
1	351	92.9605
1	352	115.8844
1	353	76.6357
1	354	122.9865
1	355	82.1503
1	356	116.1308
1	357	93.8167
1	358	100.0147
1	359	112.7092
1	360	134.2732
1	361	148.1158
1	362	116.5669
1	363	70.6532
1	364	82.5640
1	365	102.6178
1	366	92.1274
1	367	112.9890
1	368	126.6979
1	369	87.3443
1	370	119.0961
1	371	124.0468
1	372	92.1360
1	373	94.5173
1	374	144.0430
1	375	110.3337
1	376	84.6914
1	377	90.5983
1	378	119.8662
1	379	93.1022
1	380	134.8803
1	381	131.2315
1	382	81.6682
1	383	136.1670
1	384	139.9406
1	385	145.8025
1	386	99.9602
1	387	119.5945
1	388	119.6447
1	389	81.8184
1	390	107.0116
1	391	104.7975
1	392	107.3181
1	393	102.3283
1	394	89.7058
1	395	98.1301
1	396	79.3700
1	397	110.0665
1	398	102.2563
1	399	107.4869
1	400	101.3056
1	401	84.3448
1	402	106.3137
1	403	91.7092
1	404	106.9524
1	405	137.9071
1	406	114.0921
1	407	111.4538
1	408	131.5426
1	409	118.5002
1	410	87.7008
1	411	58.2169
1	412	135.6255
1	413	81.1625
1	414	126.5194
1	415	116.3604
1	416	81.4797
1	417	134.6959
1	418	81.8058
1	419	84.5154
1	420	78.1880
1	421	88.1139
1	422	90.0018
1	423	115.6738
1	424	120.9219
1	425	138.6545
1	426	102.4926
1	427	91.0361
1	428	100.0739
1	429	120.9444
1	430	130.4316
1	431	77.8642
1	432	125.8564
1	433	85.6050
1	434	79.9889
1	435	105.9877
1	436	95.7209
1	437	79.6642
1	438	107.6144
1	439	74.7397
1	440	127.1318
1	441	120.8963
1	442	117.2755
1	443	102.5264
1	444	87.7890
1	445	87.9417
1	446	62.3334
1	447	73.9188
1	448	97.8029
1	449	140.1848
1	450	116.6468
1	451	156.9984
1	452	133.4779
1	453	98.4927
1	454	122.8349
1	455	116.5943
1	456	100.4315
1	457	126.3871
1	458	108.2777
1	459	121.5066
1	460	100.7284
1	461	118.1621
1	462	130.3085
1	463	108.0686
1	464	113.8379
1	465	101.7799
1	466	90.8217
1	467	83.2131
1	468	115.6148
1	469	89.7801
1	470	128.7624
1	471	111.2964
1	472	165.4919
1	473	92.7768
1	474	90.6621
1	475	95.3510
1	476	154.8077
1	477	105.7367
1	478	121.7893
1	479	72.1058
1	480	94.5847
1	481	75.2169
1	482	100.0463
1	483	124.7815
1	484	62.5229
1	485	110.2383
1	486	88.8309
1	487	98.7065
1	488	107.1769
1	489	92.3774
1	490	81.6795
1	491	76.9870
1	492	114.0414
1	493	81.8041
1	494	81.9368
1	495	137.9030
1	496	128.0181
1	497	118.1207
1	498	78.1516
1	499	117.0753
1	500	95.8298
1	501	67.0724
1	502	109.1476
1	503	109.8211
1	504	81.5758
1	505	101.0711
1	506	104.5001
1	507	139.7201
1	508	103.7651
1	509	107.4962
1	510	85.1391
1	511	134.3301
1	512	138.4240
1	513	73.1487
1	514	102.2949
1	515	102.4339
1	516	98.3084
1	517	113.3380
1	518	55.4156
1	519	58.1249
1	520	119.8389
1	521	124.5077
1	522	101.2941
1	523	155.5174
1	524	64.5818
1	525	92.1496
1	526	83.2427
1	527	96.1260
1	528	88.7372
1	529	91.7519
1	530	99.1307
1	531	91.1233
1	532	88.9295
1	533	122.1862
1	534	91.3987
1	535	150.3365
1	536	88.7397
1	537	72.6487
1	538	74.5008
1	539	120.7403
1	540	118.9347
1	541	78.4392
1	542	114.4304
1	543	86.4870
1	544	105.5569
1	545	111.3631
1	546	70.3375
1	547	114.3871
1	548	176.5444
1	549	107.5409
1	550	135.9427
1	551	75.1723
1	552	72.9997
1	553	114.6759
1	554	103.0637
1	555	98.8070
1	556	109.3181
1	557	94.7961
1	558	64.7517
1	559	104.6561
1	560	84.3040
1	561	134.1634
1	562	101.7864
1	563	74.4782
1	564	94.2180
1	565	82.1288
1	566	106.3692
1	567	118.9639
1	568	95.2493
1	569	105.0973
1	570	73.0738
1	571	92.4089
1	572	137.8516
1	573	114.5343
1	574	87.0473
1	575	121.2644
1	576	82.6468
1	577	74.6036
1	578	138.7441
1	579	89.5448
1	580	93.8344
1	581	157.3583
1	582	95.7821
1	583	84.5800
1	584	57.3143
1	585	98.2373
1	586	73.6363
1	587	80.7922
1	588	106.6659
1	589	148.2205
1	590	101.3905
1	591	76.3157
1	592	106.3001
1	593	81.2414
1	594	111.3342
1	595	69.2119
1	596	136.8598
1	597	91.2403
1	598	88.5749
1	599	107.5943
1	600	108.6837
1	601	76.2135
1	602	99.8596
1	603	77.1140
1	604	130.8547
1	605	79.0255
1	606	106.0130
1	607	89.4559
1	608	110.4364
1	609	108.2200
1	610	116.5651
1	611	79.2105
1	612	84.5673
1	613	79.3992
1	614	108.4311
1	615	107.9613
1	616	79.5868
1	617	107.4283
1	618	82.0152
1	619	78.9272
1	620	84.6086
1	621	115.0829
1	622	63.1254
1	623	142.7684
1	624	87.1829
1	625	100.8699
1	626	104.6741
1	627	97.1853
1	628	104.0978
1	629	114.1506
1	630	121.7727
1	631	114.9128
1	632	92.3513
1	633	85.4306
1	634	100.6730
1	635	87.4998
1	636	68.3345
1	637	57.0696
1	638	140.7270
1	639	114.1311
1	640	79.9963
1	641	84.1162
1	642	96.1342
1	643	90.1674
1	644	58.9267
1	645	81.8182
1	646	107.4353
1	647	76.2942
1	648	108.1124
1	649	70.1540
1	650	127.3676
1	651	58.9600
1	652	92.2318
1	653	114.7009
1	654	67.3385
1	655	102.5072
1	656	86.8556
1	657	78.3522
1	658	103.2897
1	659	91.7820
1	660	137.3874
1	661	92.0214
1	662	73.0087
1	663	103.1679
1	664	79.1092
1	665	92.9090
1	666	89.1656
1	667	88.0344
1	668	82.9229
1	669	101.3297
1	670	100.5905
1	671	84.2547
1	672	63.1500
1	673	103.1439
1	674	83.0385
1	675	91.7352
1	676	125.4412
1	677	72.3005
1	678	86.7435
1	679	95.1652
1	680	72.6908
1	681	87.1795
1	682	107.4944
1	683	81.7898
1	684	65.7452
1	685	127.9528
1	686	106.4244
1	687	134.3754
1	688	106.1228
1	689	115.9258
1	690	112.9652
1	691	142.6827
1	692	70.6429
1	693	79.9415
1	694	79.9122
1	695	77.5152
1	696	70.0916
1	697	82.8087
1	698	113.1147
1	699	80.1157
1	700	75.6498
1	701	83.9141
1	702	126.4225
1	703	135.7621
1	704	58.9075
1	705	85.6652
1	706	111.3754
1	707	52.7132
1	708	114.6005
1	709	113.7152
1	710	84.0175
1	711	125.1905
1	712	65.5062
1	713	86.6143
1	714	93.3530
1	715	117.8380
1	716	109.0424
1	717	58.7615
1	718	98.0498
1	719	77.2932
1	720	79.9569
1	721	85.8998
1	722	68.8333
1	723	107.1295
1	724	105.5615
1	725	88.0237
1	726	112.9697
1	727	68.8613
1	728	92.9677
1	729	79.5974
1	730	92.0288
1	731	96.6938
1	732	93.6044
1	733	108.4842
1	734	105.4241
1	735	109.0934
1	736	76.9119
1	737	66.5410
1	738	92.9444
1	739	112.0900
1	740	97.0361
1	741	70.3774
1	742	96.8957
1	743	90.9971
1	744	74.3977
1	745	81.0972
1	746	123.7826
1	747	107.3353
1	748	106.5380
1	749	60.0087
1	750	75.6273
1	751	62.5936
1	752	89.4841
1	753	101.6429
1	754	93.1770
1	755	83.0324
1	756	86.3350
1	757	63.6316
1	758	86.2766
1	759	95.7018
1	760	87.4503
1	761	126.6394
1	762	50.7735
1	763	79.3487
1	764	60.9446
1	765	68.9447
1	766	67.8540
1	767	87.9852
1	768	89.8614
1	769	67.2935
1	770	91.5294
1	771	75.9447
1	772	78.1640
1	773	139.9589
1	774	111.2609
1	775	83.4613
1	776	68.7003
1	777	96.2647
1	778	78.5584
1	779	87.6229
1	780	65.7282
1	781	98.2237
1	782	108.1670
1	783	65.2283
1	784	123.2552
1	785	79.7498
1	786	94.4863
1	787	68.5713
1	788	80.8021
1	789	85.0483
1	790	106.3990
1	791	120.3934
1	792	82.3598
1	793	84.8114
1	794	103.3830
1	795	78.5580
1	796	64.7951
1	797	102.8054
1	798	63.1915
1	799	77.1619
1	800	104.4842
1	801	89.4664
1	802	118.5921
1	803	68.5916
1	804	83.5165
1	805	101.0339
1	806	72.9218
1	807	86.0192
1	808	105.4797
1	809	94.4410
1	810	92.8402
1	811	60.5905
1	812	68.6708
1	813	99.1187
1	814	100.5786
1	815	111.8791
1	816	83.8327
1	817	73.6156
1	818	79.0388
1	819	76.5185
1	820	66.8617
1	821	74.2613
1	822	52.9679
1	823	110.7522
1	824	106.4793
1	825	90.5509
1	826	83.6327
1	827	58.9599
1	828	73.7646
1	829	89.0047
1	830	73.1613
1	831	110.8447
1	832	113.2445
1	833	79.7454
1	834	92.1209
1	835	81.4919
1	836	92.7977
1	837	129.6980
1	838	71.9608
1	839	91.5812
1	840	83.9825
1	841	62.6307
1	842	85.6695
1	843	85.7106
1	844	90.2607
1	845	86.6477
1	846	102.7036
1	847	106.5813
1	848	93.1676
1	849	87.1531
1	850	75.7844
1	851	64.5773
1	852	74.2028
1	853	57.4874
1	854	70.2075
1	855	79.4900
1	856	113.3763
1	857	121.8880
1	858	77.1875
1	859	85.9762
1	860	73.7625
1	861	89.4318
1	862	64.1105
1	863	73.4806
1	864	67.7176
1	865	97.5486
1	866	78.8719
1	867	88.4602
1	868	77.0733
1	869	59.7469
1	870	70.9782
1	871	85.6380
1	872	106.0094
1	873	114.5731
1	874	118.3678
1	875	92.9765
1	876	90.8742
1	877	105.0035
1	878	76.0537
1	879	67.3107
1	880	75.2759
1	881	77.7389
1	882	80.8411
1	883	99.7352
1	884	83.4620
1	885	75.1872
1	886	67.7754
1	887	122.7476
1	888	73.4303
1	889	77.5504
1	890	96.0804
1	891	74.7905
1	892	69.9033
1	893	102.1455
1	894	70.0270
1	895	66.0753
1	896	93.8890
1	897	111.6090
1	898	85.8883
1	899	85.8521
1	900	89.0133
1	901	108.6572
1	902	91.9962
1	903	97.5050
1	904	81.9387
1	905	48.4479
1	906	90.8381
1	907	128.8215
1	908	99.8004
1	909	77.8294
1	910	98.2881
1	911	62.3259
1	912	82.0494
1	913	96.9704
1	914	79.0418
1	915	53.1690
1	916	75.3834
1	917	77.7414
1	918	87.5908
1	919	82.7886
1	920	82.8146
1	921	66.5084
1	922	82.2570
1	923	105.7717
1	924	83.4437
1	925	108.5916
1	926	130.9223
1	927	57.3685
1	928	101.5168
1	929	65.5718
1	930	110.4963
1	931	89.7012
1	932	67.3786
1	933	66.5473
1	934	94.9173
1	935	64.8199
1	936	62.9255
1	937	81.0956
1	938	119.3294
1	939	77.6935
1	940	108.8880
1	941	88.2824
1	942	95.4580
1	943	67.1979
1	944	84.5786
1	945	87.8642
1	946	66.7787
1	947	78.8280
1	948	90.2967
1	949	59.8799
1	950	70.5878
1	951	55.0251
1	952	86.2375
1	953	97.5029
1	954	76.8724
1	955	74.7715
1	956	65.0577
1	957	89.5947
1	958	70.9661
1	959	94.7680
1	960	58.1218
1	961	65.0647
1	962	123.0645
1	963	83.1697
1	964	73.3395
1	965	69.0726
1	966	86.2759
1	967	60.9160
1	968	94.1406
1	969	96.1096
1	970	88.9064
1	971	80.3418
1	972	105.6078
1	973	61.6485
1	974	99.9960
1	975	88.1220
1	976	103.3734
1	977	64.2623
1	978	70.3623
1	979	73.5029
1	980	66.8918
1	981	89.9283
1	982	60.3341
1	983	90.5424
1	984	60.7603
1	985	77.9931
1	986	89.7004
1	987	79.4928
1	988	85.6931
1	989	100.4374
1	990	80.0768
1	991	84.1523
1	992	100.9683
1	993	62.2478
1	994	65.3607
1	995	88.5459
1	996	92.9958
1	997	78.6648
1	998	83.9462
1	999	56.9365
1	1000	87.4134
1	1001	98.0791
1	1002	83.2407
1	1003	64.4741
1	1004	69.5155
1	1005	71.2249
1	1006	67.3508
1	1007	72.9703
1	1008	95.6204
1	1009	71.0296
1	1010	91.7324
1	1011	58.3710
1	1012	68.7726
1	1013	63.2724
1	1014	79.2937
1	1015	86.0374
1	1016	56.7226
1	1017	112.6236
1	1018	92.7178
1	1019	50.3285
1	1020	98.8640
1	1021	83.6664
1	1022	53.6674
1	1023	124.4120
1	1024	76.9487
1	1025	96.9237
1	1026	101.7809
1	1027	66.6046
1	1028	97.7167
1	1029	84.4126
1	1030	74.1021
1	1031	95.2585
1	1032	89.7394
1	1033	58.1961
1	1034	76.1248
1	1035	101.2639
1	1036	88.1327
1	1037	88.8741
1	1038	58.8392
1	1039	79.4703
1	1040	115.9431
1	1041	81.9675
1	1042	82.1911
1	1043	91.5384
1	1044	80.0921
1	1045	94.2937
1	1046	106.1743
1	1047	63.0116
1	1048	63.3083
1	1049	109.2144
1	1050	76.0584
1	1051	74.2942
1	1052	114.4222
1	1053	95.5211
1	1054	117.9770
1	1055	97.9737
1	1056	87.0793
1	1057	98.7766
1	1058	81.9978
1	1059	61.1146
1	1060	101.7214
1	1061	73.6977
1	1062	89.4086
1	1063	100.8888
1	1064	79.5189
1	1065	68.0775
1	1066	87.0063
1	1067	65.4927
1	1068	87.8302
1	1069	107.3341
1	1070	76.8819
1	1071	57.0540
1	1072	80.3613
1	1073	94.1133
1	1074	101.1285
1	1075	84.7091
1	1076	83.8484
1	1077	73.1747
1	1078	56.3590
1	1079	59.9319
1	1080	67.1895
1	1081	52.3528
1	1082	72.4575
1	1083	71.7653
1	1084	87.4735
1	1085	72.8702
1	1086	147.5080
1	1087	72.6028
1	1088	63.4995
1	1089	68.9671
1	1090	93.4903
1	1091	88.9544
1	1092	45.4056
1	1093	64.6099
1	1094	62.3606
1	1095	93.5670
1	1096	68.4850
1	1097	76.5003
1	1098	90.1512
1	1099	97.6027
1	1100	77.5273
1	1101	84.4347
1	1102	78.3184
1	1103	114.1707
1	1104	75.7966
1	1105	61.6794
1	1106	94.2351
1	1107	79.2125
1	1108	102.3106
1	1109	66.2528
1	1110	61.2020
1	1111	86.2475
1	1112	119.1849
1	1113	45.0623
1	1114	99.7741
1	1115	71.1790
1	1116	70.0671
1	1117	77.9234
1	1118	64.3064
1	1119	72.6306
1	1120	88.0790
1	1121	113.3704
1	1122	41.1776
1	1123	102.1560
1	1124	84.0748
1	1125	84.7473
1	1126	67.4271
1	1127	82.7962
1	1128	64.0199
1	1129	80.3999
1	1130	101.3674
1	1131	79.2763
1	1132	68.5879
1	1133	79.5282
1	1134	78.2220
1	1135	82.2207
1	1136	63.7711
1	1137	82.7051
1	1138	71.8560
1	1139	67.9618
1	1140	99.0801
1	1141	78.5331
1	1142	86.4023
1	1143	79.0470
1	1144	92.4394
1	1145	57.7584
1	1146	114.5485
1	1147	78.4274
1	1148	102.7468
1	1149	61.5493
1	1150	98.8721
1	1151	91.4035
1	1152	94.1815
1	1153	64.9390
1	1154	95.0959
1	1155	63.2525
1	1156	51.9787
1	1157	51.8185
1	1158	104.4850
1	1159	47.5709
1	1160	109.9545
1	1161	68.4505
1	1162	65.2414
1	1163	92.5265
1	1164	86.0690
1	1165	93.9415
End of Epoch 1 - Average Train Perplexity: 111.5868
2	1	59.5175
2	2	88.5951
2	3	68.4399
2	4	60.5950
2	5	77.3401
2	6	54.7740
2	7	64.8308
2	8	71.7718
2	9	61.3471
2	10	81.5335
2	11	60.4423
2	12	77.5951
2	13	58.7001
2	14	72.5551
2	15	56.4262
2	16	80.8556
2	17	72.9315
2	18	76.6999
2	19	66.7621
2	20	70.4406
2	21	75.3440
2	22	68.5073
2	23	77.4956
2	24	80.1490
2	25	82.3678
2	26	76.1347
2	27	78.7681
2	28	61.8486
2	29	99.7972
2	30	73.9350
2	31	54.6296
2	32	87.0871
2	33	55.3745
2	34	76.8671
2	35	67.1141
2	36	67.7516
2	37	80.8381
2	38	60.4249
2	39	62.7205
2	40	102.6091
2	41	55.5155
2	42	61.2448
2	43	82.3427
2	44	91.9370
2	45	65.8797
2	46	81.3572
2	47	73.7745
2	48	85.6912
2	49	91.7426
2	50	68.3284
2	51	71.5919
2	52	56.6948
2	53	64.8826
2	54	103.9433
2	55	64.4579
2	56	79.7995
2	57	80.3328
2	58	74.9244
2	59	58.8889
2	60	86.2266
2	61	58.7569
2	62	69.2797
2	63	76.5166
2	64	98.2551
2	65	63.2321
2	66	58.3680
2	67	69.5562
2	68	77.0255
2	69	75.7608
2	70	90.0354
2	71	98.1861
2	72	143.6241
2	73	91.9320
2	74	91.5504
2	75	71.7852
2	76	78.5319
2	77	54.4751
2	78	85.8652
2	79	75.4763
2	80	66.1568
2	81	117.5004
2	82	70.3446
2	83	133.8804
2	84	68.2661
2	85	70.1463
2	86	81.2097
2	87	68.7746
2	88	82.7189
2	89	62.8624
2	90	115.5286
2	91	47.6209
2	92	68.9820
2	93	63.0617
2	94	56.2999
2	95	80.5523
2	96	50.0593
2	97	75.6102
2	98	85.4828
2	99	75.7991
2	100	68.4731
2	101	64.4041
2	102	78.9993
2	103	52.6246
2	104	68.6210
2	105	98.0109
2	106	95.5902
2	107	66.4405
2	108	73.8456
2	109	38.1822
2	110	79.0183
2	111	92.0921
2	112	65.6478
2	113	68.6756
2	114	64.2836
2	115	62.0798
2	116	80.9468
2	117	104.4735
2	118	47.1998
2	119	57.9477
2	120	65.5156
2	121	92.3662
2	122	59.7394
2	123	42.5652
2	124	77.2333
2	125	73.2205
2	126	80.1111
2	127	64.4707
2	128	46.6183
2	129	82.8606
2	130	62.0095
2	131	57.5542
2	132	62.7198
2	133	61.1849
2	134	89.8545
2	135	63.5274
2	136	61.7990
2	137	44.1867
2	138	76.5727
2	139	47.6674
2	140	58.7523
2	141	79.4287
2	142	85.9805
2	143	58.6125
2	144	51.3358
2	145	89.4603
2	146	64.4648
2	147	74.5199
2	148	102.0638
2	149	70.9635
2	150	74.1521
2	151	69.4137
2	152	84.5396
2	153	68.2667
2	154	98.4838
2	155	78.3993
2	156	79.3821
2	157	62.7790
2	158	69.6910
2	159	97.4374
2	160	74.4578
2	161	71.2747
2	162	72.2622
2	163	61.1912
2	164	44.7916
2	165	80.9749
2	166	54.4606
2	167	95.1259
2	168	66.0165
2	169	59.2075
2	170	65.6937
2	171	72.4889
2	172	90.8710
2	173	86.5385
2	174	93.1865
2	175	66.1270
2	176	64.2429
2	177	68.9020
2	178	104.9478
2	179	122.8388
2	180	63.6547
2	181	62.3112
2	182	69.3285
2	183	97.1506
2	184	70.4437
2	185	97.7475
2	186	64.6672
2	187	49.5299
2	188	57.5717
2	189	51.5266
2	190	54.0399
2	191	81.3621
2	192	79.2411
2	193	60.0016
2	194	47.7409
2	195	86.6457
2	196	73.9890
2	197	64.0438
2	198	80.1603
2	199	77.2944
2	200	77.9419
2	201	90.1245
2	202	71.4020
2	203	90.8352
2	204	54.1695
2	205	52.2576
2	206	107.5689
2	207	80.8350
2	208	73.5144
2	209	89.2060
2	210	57.1159
2	211	94.3669
2	212	87.1471
2	213	138.0088
2	214	82.8175
2	215	90.7704
2	216	63.1322
2	217	68.7908
2	218	75.0046
2	219	74.5814
2	220	54.9887
2	221	87.0746
2	222	72.8912
2	223	78.5087
2	224	91.3147
2	225	74.0674
2	226	90.5106
2	227	58.4813
2	228	63.1575
2	229	62.7298
2	230	79.8979
2	231	81.0015
2	232	51.8306
2	233	98.5635
2	234	65.5099
2	235	73.2769
2	236	79.0680
2	237	57.5480
2	238	110.4252
2	239	61.5983
2	240	101.5845
2	241	70.1060
2	242	94.0498
2	243	69.2582
2	244	102.0875
2	245	75.8359
2	246	83.3661
2	247	90.9793
2	248	74.3223
2	249	84.0342
2	250	43.5794
2	251	58.3671
2	252	70.8682
2	253	57.1482
2	254	118.1561
2	255	83.1259
2	256	69.1782
2	257	71.8099
2	258	69.6348
2	259	52.3753
2	260	85.3711
2	261	107.4122
2	262	69.4600
2	263	73.5020
2	264	78.4376
2	265	59.7300
2	266	87.7835
2	267	73.6008
2	268	68.6246
2	269	70.5979
2	270	71.0788
2	271	51.2715
2	272	51.5051
2	273	57.5494
2	274	100.0343
2	275	138.6828
2	276	70.4978
2	277	83.2863
2	278	53.3559
2	279	75.1432
2	280	49.9088
2	281	99.0751
2	282	59.9971
2	283	117.5942
2	284	90.5572
2	285	71.4275
2	286	64.6854
2	287	51.6854
2	288	74.5435
2	289	78.9729
2	290	95.2986
2	291	59.2253
2	292	73.1865
2	293	94.1782
2	294	90.7903
2	295	67.4734
2	296	70.9510
2	297	74.9302
2	298	70.2028
2	299	71.5647
2	300	106.2746
2	301	69.1509
2	302	73.8380
2	303	77.2845
2	304	73.0840
2	305	73.2808
2	306	55.4184
2	307	61.0962
2	308	103.1232
2	309	61.3167
2	310	54.0419
2	311	58.1014
2	312	104.3482
2	313	79.0646
2	314	76.3896
2	315	69.0713
2	316	81.4263
2	317	71.8751
2	318	55.5312
2	319	54.7022
2	320	67.3470
2	321	76.7779
2	322	59.6934
2	323	73.6203
2	324	71.5780
2	325	94.5244
2	326	85.6075
2	327	78.2047
2	328	70.5297
2	329	63.8123
2	330	62.4762
2	331	92.8042
2	332	50.7361
2	333	77.9238
2	334	70.6047
2	335	89.1687
2	336	51.8031
2	337	59.8154
2	338	82.5562
2	339	72.6928
2	340	81.0181
2	341	80.9263
2	342	49.4956
2	343	73.5132
2	344	63.9926
2	345	54.1174
2	346	87.3848
2	347	70.0459
2	348	60.0994
2	349	84.1740
2	350	68.3047
2	351	102.1245
2	352	60.0754
2	353	61.6611
2	354	68.1282
2	355	53.0433
2	356	64.5924
2	357	79.2573
2	358	60.7804
2	359	69.7273
2	360	125.6476
2	361	94.9822
2	362	89.1385
2	363	61.5714
2	364	71.8607
2	365	65.3708
2	366	75.4557
2	367	50.9558
2	368	81.1226
2	369	74.7498
2	370	90.8432
2	371	72.8312
2	372	92.8451
2	373	78.0373
2	374	77.3454
2	375	56.0022
2	376	103.6142
2	377	55.2111
2	378	48.8193
2	379	55.8755
2	380	75.8765
2	381	78.9663
2	382	59.0664
2	383	106.9194
2	384	54.8473
2	385	66.5728
2	386	59.5582
2	387	51.9882
2	388	80.7551
2	389	90.5509
2	390	69.3237
2	391	55.6645
2	392	58.7433
2	393	66.7895
2	394	67.1951
2	395	54.6760
2	396	85.6741
2	397	110.6823
2	398	42.7135
2	399	56.4467
2	400	95.8344
2	401	88.1916
2	402	78.0475
2	403	59.7887
2	404	55.4328
2	405	88.4724
2	406	40.4732
2	407	93.7947
2	408	69.7952
2	409	76.8849
2	410	100.7730
2	411	90.2407
2	412	70.2557
2	413	62.5858
2	414	85.9856
2	415	83.6259
2	416	73.6102
2	417	72.7577
2	418	69.2324
2	419	81.2647
2	420	70.9844
2	421	57.7441
2	422	46.0832
2	423	60.0797
2	424	101.6495
2	425	58.7662
2	426	44.8464
2	427	57.4439
2	428	87.0237
2	429	79.1849
2	430	70.2745
2	431	87.2131
2	432	58.6306
2	433	81.6019
2	434	44.8040
2	435	156.3403
2	436	52.9273
2	437	60.2273
2	438	79.9558
2	439	69.9084
2	440	72.8934
2	441	94.2798
2	442	89.0936
2	443	67.2100
2	444	91.4734
2	445	87.3946
2	446	51.5236
2	447	51.6933
2	448	82.3629
2	449	50.5946
2	450	100.0734
2	451	54.4804
2	452	44.5781
2	453	64.1658
2	454	49.5565
2	455	78.9443
2	456	69.5538
2	457	59.1882
2	458	61.5823
2	459	60.3538
2	460	62.3026
2	461	65.3047
2	462	48.2688
2	463	101.5785
2	464	82.7120
2	465	49.1063
2	466	70.0831
2	467	66.2918
2	468	81.2332
2	469	88.4226
2	470	85.5068
2	471	65.0438
2	472	99.5321
2	473	72.0499
2	474	94.5213
2	475	66.1140
2	476	68.4154
2	477	58.1274
2	478	69.4983
2	479	47.9173
2	480	54.9163
2	481	80.5897
2	482	72.2437
2	483	47.5226
2	484	47.7600
2	485	67.8040
2	486	75.7686
2	487	68.7285
2	488	87.0557
2	489	67.8919
2	490	59.3922
2	491	96.7983
2	492	43.2468
2	493	82.6249
2	494	116.5578
2	495	53.0815
2	496	52.9785
2	497	54.1615
2	498	48.4076
2	499	77.9532
2	500	80.7986
2	501	79.2526
2	502	67.0357
2	503	80.2811
2	504	52.0081
2	505	73.3892
2	506	74.1563
2	507	79.9683
2	508	82.7676
2	509	78.5486
2	510	74.4935
2	511	58.7688
2	512	59.1687
2	513	71.2513
2	514	71.4178
2	515	80.5221
2	516	60.1590
2	517	100.8545
2	518	82.6438
2	519	75.0663
2	520	57.0631
2	521	78.4940
2	522	67.1223
2	523	46.6150
2	524	81.8465
2	525	54.3890
2	526	57.6211
2	527	80.8621
2	528	55.2846
2	529	64.4556
2	530	61.9472
2	531	56.3872
2	532	92.3950
2	533	65.5099
2	534	84.4645
2	535	80.7282
2	536	65.1791
2	537	68.4577
2	538	61.5974
2	539	74.6516
2	540	65.0790
2	541	64.7259
2	542	60.7849
2	543	48.0356
2	544	63.3348
2	545	66.1102
2	546	72.7028
2	547	62.8392
2	548	72.3810
2	549	67.2477
2	550	53.7973
2	551	68.8655
2	552	75.7611
2	553	89.3165
2	554	82.5032
2	555	62.8829
2	556	67.4604
2	557	103.5392
2	558	50.7058
2	559	57.9072
2	560	64.0296
2	561	68.5175
2	562	86.4125
2	563	67.1894
2	564	76.9171
2	565	99.0064
2	566	69.2657
2	567	73.9306
2	568	72.7699
2	569	43.9028
2	570	54.3801
2	571	54.6260
2	572	74.0009
2	573	50.5704
2	574	49.7786
2	575	51.6775
2	576	65.0318
2	577	98.2270
2	578	90.0298
2	579	53.5477
2	580	71.3875
2	581	82.0402
2	582	57.0895
2	583	61.5245
2	584	52.8956
2	585	101.1388
2	586	73.3942
2	587	54.9975
2	588	63.4641
2	589	86.3697
2	590	68.3869
2	591	53.7904
2	592	91.1660
2	593	100.6572
2	594	79.6571
2	595	79.8320
2	596	72.9801
2	597	67.1484
2	598	66.6324
2	599	74.2535
2	600	57.3094
2	601	85.5730
2	602	70.1247
2	603	79.3118
2	604	56.4168
2	605	72.9609
2	606	78.4235
2	607	92.8492
2	608	80.7570
2	609	100.8233
2	610	60.3107
2	611	68.0252
2	612	75.2575
2	613	66.9598
2	614	59.8031
2	615	77.4755
2	616	74.4235
2	617	79.0935
2	618	53.9111
2	619	62.7863
2	620	59.9308
2	621	73.6157
2	622	58.0779
2	623	73.8015
2	624	55.5765
2	625	78.1158
2	626	65.4676
2	627	65.5058
2	628	68.1552
2	629	67.7368
2	630	49.1884
2	631	88.7603
2	632	73.4528
2	633	65.8033
2	634	76.5924
2	635	63.6998
2	636	69.9662
2	637	55.6618
2	638	83.6222
2	639	53.4481
2	640	65.0941
2	641	65.6590
2	642	73.3845
2	643	47.7675
2	644	65.4942
2	645	83.0936
2	646	70.4853
2	647	56.6561
2	648	70.0341
2	649	58.1277
2	650	83.5109
2	651	64.3282
2	652	73.5813
2	653	81.1656
2	654	92.3929
2	655	95.4850
2	656	90.1732
2	657	104.7404
2	658	65.9491
2	659	75.7157
2	660	72.1806
2	661	62.5234
2	662	56.5504
2	663	80.0025
2	664	80.0982
2	665	98.5719
2	666	58.9823
2	667	83.2735
2	668	102.2679
2	669	70.1227
2	670	73.3663
2	671	76.2235
2	672	64.5370
2	673	49.6787
2	674	74.3356
2	675	66.4419
2	676	63.5093
2	677	54.9926
2	678	84.8501
2	679	57.5778
2	680	67.9008
2	681	91.3626
2	682	61.9900
2	683	85.8778
2	684	70.4065
2	685	59.7771
2	686	62.4141
2	687	73.2784
2	688	97.2456
2	689	64.8600
2	690	69.1906
2	691	53.5426
2	692	70.1646
2	693	80.0812
2	694	60.5837
2	695	70.4394
2	696	56.4439
2	697	72.5602
2	698	89.4978
2	699	74.4598
2	700	63.7624
2	701	59.8264
2	702	62.8602
2	703	62.4224
2	704	42.6338
2	705	54.4170
2	706	65.8383
2	707	66.8653
2	708	85.5022
2	709	63.1368
2	710	88.5202
2	711	55.5239
2	712	45.3115
2	713	69.3368
2	714	83.3554
2	715	61.6306
2	716	50.6624
2	717	58.8524
2	718	79.8568
2	719	80.1459
2	720	65.1848
2	721	65.2140
2	722	65.0582
2	723	78.9993
2	724	53.1651
2	725	62.0071
2	726	93.1305
2	727	77.7719
2	728	78.2336
2	729	72.8223
2	730	75.4679
2	731	74.8974
2	732	82.3809
2	733	62.1506
2	734	68.4243
2	735	67.4341
2	736	89.9479
2	737	45.6589
2	738	42.6644
2	739	66.4800
2	740	57.3855
2	741	65.3906
2	742	80.8400
2	743	101.8764
2	744	54.4151
2	745	80.4880
2	746	73.8943
2	747	71.4113
2	748	76.2775
2	749	50.6904
2	750	75.5527
2	751	101.1225
2	752	68.5935
2	753	96.2387
2	754	75.2119
2	755	80.5863
2	756	44.7124
2	757	85.6509
2	758	85.2083
2	759	70.1295
2	760	113.2270
2	761	63.3017
2	762	68.4285
2	763	64.7312
2	764	82.5846
2	765	53.8540
2	766	83.6570
2	767	81.4425
2	768	68.9788
2	769	73.0708
2	770	102.3002
2	771	84.7722
2	772	66.6484
2	773	66.4946
2	774	72.2391
2	775	75.5502
2	776	77.3698
2	777	78.5644
2	778	73.5250
2	779	72.6250
2	780	79.8136
2	781	59.2030
2	782	65.9972
2	783	68.3503
2	784	81.8886
2	785	81.4394
2	786	88.2889
2	787	66.9293
2	788	81.5473
2	789	82.7119
2	790	89.9332
2	791	66.1337
2	792	64.6364
2	793	68.8433
2	794	100.9293
2	795	70.4609
2	796	73.2984
2	797	53.4502
2	798	63.4921
2	799	82.7058
2	800	52.9098
2	801	77.2720
2	802	74.5279
2	803	50.2668
2	804	56.5701
2	805	64.8302
2	806	51.7973
2	807	94.8082
2	808	47.8661
2	809	76.8750
2	810	78.4016
2	811	52.2736
2	812	70.6165
2	813	54.2245
2	814	59.8157
2	815	86.1543
2	816	71.2867
2	817	59.6107
2	818	72.6959
2	819	42.7825
2	820	73.2937
2	821	79.2334
2	822	71.5578
2	823	94.3227
2	824	96.7264
2	825	87.9103
2	826	70.4394
2	827	60.6983
2	828	92.6054
2	829	56.8144
2	830	64.6696
2	831	54.7563
2	832	68.0327
2	833	74.9917
2	834	46.3348
2	835	87.8765
2	836	57.9010
2	837	73.7597
2	838	66.3736
2	839	75.2821
2	840	56.9946
2	841	48.3736
2	842	74.0840
2	843	106.8041
2	844	84.6310
2	845	51.0255
2	846	69.8129
2	847	86.2957
2	848	69.5190
2	849	73.3228
2	850	79.1279
2	851	61.1643
2	852	68.5513
2	853	87.0949
2	854	66.3610
2	855	59.5850
2	856	54.9411
2	857	45.9639
2	858	48.2890
2	859	68.8773
2	860	85.2194
2	861	78.0813
2	862	49.3284
2	863	57.8838
2	864	107.2700
2	865	60.8635
2	866	103.3104
2	867	72.1922
2	868	60.5922
2	869	55.5752
2	870	79.1945
2	871	70.4166
2	872	67.5168
2	873	72.8574
2	874	54.0055
2	875	82.9727
2	876	48.3560
2	877	71.6338
2	878	65.1445
2	879	51.3182
2	880	68.4468
2	881	74.4139
2	882	81.5039
2	883	103.3120
2	884	79.9305
2	885	83.9783
2	886	52.7858
2	887	57.8578
2	888	54.4942
2	889	74.7753
2	890	59.1129
2	891	67.5489
2	892	59.0863
2	893	80.7607
2	894	74.6171
2	895	64.2350
2	896	75.8218
2	897	99.9106
2	898	55.9036
2	899	49.8785
2	900	65.6523
2	901	92.5723
2	902	94.5572
2	903	74.3284
2	904	53.6413
2	905	49.1652
2	906	71.6629
2	907	67.8468
2	908	61.9270
2	909	72.6475
2	910	84.1370
2	911	63.2097
2	912	49.1348
2	913	65.7672
2	914	73.0029
2	915	61.0911
2	916	49.6388
2	917	48.3639
2	918	46.3805
2	919	61.8333
2	920	56.7226
2	921	77.5593
2	922	76.5779
2	923	92.2676
2	924	49.2283
2	925	73.9617
2	926	103.2271
2	927	52.7632
2	928	73.1100
2	929	72.0830
2	930	66.9017
2	931	90.5709
2	932	51.9744
2	933	47.7030
2	934	74.8349
2	935	47.6090
2	936	59.8656
2	937	76.6411
2	938	73.6701
2	939	62.3250
2	940	80.7495
2	941	78.0585
2	942	52.9748
2	943	50.4999
2	944	59.4234
2	945	86.5929
2	946	53.1443
2	947	65.4155
2	948	81.5123
2	949	54.1644
2	950	78.5044
2	951	98.0986
2	952	87.4252
2	953	73.8336
2	954	80.6909
2	955	71.0408
2	956	65.0421
2	957	68.7729
2	958	55.2702
2	959	68.0254
2	960	63.3864
2	961	74.6070
2	962	85.0449
2	963	72.4302
2	964	56.6918
2	965	55.8338
2	966	99.1622
2	967	73.0568
2	968	54.1478
2	969	72.8521
2	970	70.7381
2	971	73.2648
2	972	99.4553
2	973	75.7173
2	974	81.3254
2	975	77.2110
2	976	85.3462
2	977	76.8714
2	978	44.6621
2	979	54.6699
2	980	71.3812
2	981	54.5386
2	982	57.2631
2	983	84.2776
2	984	72.5453
2	985	71.7549
2	986	43.6256
2	987	74.5970
2	988	78.4676
2	989	73.2903
2	990	104.2589
2	991	80.9324
2	992	67.4351
2	993	52.6867
2	994	88.1056
2	995	46.8060
2	996	86.8685
2	997	89.7376
2	998	123.2116
2	999	71.8163
2	1000	81.0493
2	1001	72.4095
2	1002	71.3996
2	1003	56.9818
2	1004	98.3468
2	1005	75.6732
2	1006	50.3382
2	1007	62.3833
2	1008	77.5679
2	1009	63.4576
2	1010	70.8767
2	1011	87.7837
2	1012	63.0341
2	1013	89.8951
2	1014	49.9495
2	1015	86.6725
2	1016	75.4196
2	1017	99.8763
2	1018	52.3091
2	1019	54.4686
2	1020	58.0042
2	1021	65.3815
2	1022	93.8581
2	1023	42.7429
2	1024	59.7793
2	1025	92.5797
2	1026	46.8528
2	1027	78.9492
2	1028	55.4711
2	1029	65.4479
2	1030	71.0638
2	1031	53.9542
2	1032	75.9285
2	1033	90.6124
2	1034	64.7466
2	1035	58.2625
2	1036	56.8334
2	1037	64.1970
2	1038	96.9634
2	1039	55.4846
2	1040	69.7498
2	1041	78.2537
2	1042	55.6977
2	1043	81.7245
2	1044	56.8011
2	1045	68.5283
2	1046	83.5821
2	1047	73.8098
2	1048	65.9249
2	1049	85.0170
2	1050	86.1122
2	1051	78.8900
2	1052	53.5198
2	1053	65.5578
2	1054	79.1376
2	1055	59.5492
2	1056	59.1190
2	1057	52.4697
2	1058	49.5697
2	1059	84.8571
2	1060	58.3641
2	1061	72.1251
2	1062	82.1411
2	1063	71.3454
2	1064	71.9492
2	1065	41.2183
2	1066	75.3014
2	1067	84.6274
2	1068	54.8411
2	1069	74.8460
2	1070	54.0268
2	1071	58.9086
2	1072	89.9412
2	1073	65.3758
2	1074	77.8446
2	1075	47.8088
2	1076	71.5009
2	1077	63.7320
2	1078	54.9829
2	1079	81.8467
2	1080	61.0505
2	1081	47.2611
2	1082	67.2821
2	1083	68.7318
2	1084	72.2311
2	1085	67.4837
2	1086	61.0172
2	1087	60.6439
2	1088	58.5741
2	1089	53.7864
2	1090	51.7040
2	1091	54.7247
2	1092	60.3214
2	1093	89.8353
2	1094	82.0446
2	1095	64.9053
2	1096	77.0437
2	1097	64.0300
2	1098	72.2056
2	1099	83.1200
2	1100	63.9382
2	1101	74.8240
2	1102	75.0873
2	1103	78.7659
2	1104	80.4692
2	1105	76.2561
2	1106	75.5953
2	1107	87.2006
2	1108	98.6021
2	1109	58.4610
2	1110	69.5897
2	1111	95.6016
2	1112	48.7939
2	1113	68.8430
2	1114	68.8447
2	1115	84.6807
2	1116	95.2373
2	1117	62.1482
2	1118	63.6952
2	1119	75.0671
2	1120	58.8268
2	1121	83.9783
2	1122	66.2568
2	1123	55.2786
2	1124	84.2207
2	1125	74.7663
2	1126	59.5375
2	1127	127.9698
2	1128	48.9435
2	1129	64.7782
2	1130	68.0049
2	1131	66.5035
2	1132	66.2168
2	1133	59.9274
2	1134	56.9235
2	1135	46.0149
2	1136	72.2989
2	1137	84.4614
2	1138	62.8675
2	1139	67.3061
2	1140	58.7296
2	1141	73.4516
2	1142	83.2846
2	1143	49.1237
2	1144	47.7570
2	1145	70.5332
2	1146	65.3972
2	1147	67.1606
2	1148	101.6700
2	1149	57.0420
2	1150	93.9490
2	1151	72.4879
2	1152	68.9270
2	1153	70.3918
2	1154	50.7048
2	1155	48.4242
2	1156	70.7536
2	1157	70.0110
2	1158	61.2981
2	1159	69.1910
2	1160	89.9075
2	1161	68.6725
2	1162	73.9722
2	1163	62.7052
2	1164	49.8512
2	1165	68.2570
End of Epoch 2 - Average Train Perplexity: 70.0391
3	1	58.2233
3	2	59.7026
3	3	66.4559
3	4	57.0559
3	5	37.7767
3	6	68.0433
3	7	60.1788
3	8	56.5356
3	9	50.7248
3	10	64.0514
3	11	62.2829
3	12	73.2100
3	13	51.5458
3	14	59.0668
3	15	65.8705
3	16	56.1757
3	17	60.9215
3	18	63.5860
3	19	60.3959
3	20	75.8640
3	21	59.0275
3	22	39.4783
3	23	76.9797
3	24	48.0726
3	25	50.5421
3	26	49.9948
3	27	55.0598
3	28	75.2277
3	29	71.6614
3	30	62.9848
3	31	62.7437
3	32	61.0555
3	33	50.5759
3	34	68.3870
3	35	79.3410
3	36	56.8190
3	37	69.0029
3	38	60.6140
3	39	63.3731
3	40	69.1819
3	41	56.3223
3	42	69.4036
3	43	71.1483
3	44	72.0542
3	45	57.3302
3	46	55.0494
3	47	60.4321
3	48	58.8504
3	49	64.8108
3	50	56.7157
3	51	81.6556
3	52	70.2461
3	53	59.4018
3	54	74.8591
3	55	67.2337
3	56	65.6075
3	57	92.4190
3	58	44.4980
3	59	69.6771
3	60	89.2889
3	61	71.3868
3	62	63.1929
3	63	60.2983
3	64	47.6198
3	65	82.4299
3	66	70.3758
3	67	61.9355
3	68	59.1391
3	69	49.9085
3	70	52.3349
3	71	55.3680
3	72	54.9425
3	73	60.3047
3	74	57.8991
3	75	65.0833
3	76	57.8351
3	77	64.6562
3	78	60.2318
3	79	54.1408
3	80	70.5044
3	81	73.0662
3	82	71.4821
3	83	50.8105
3	84	61.8096
3	85	57.9050
3	86	53.8372
3	87	60.7770
3	88	42.1390
3	89	68.0006
3	90	54.2952
3	91	59.8329
3	92	73.6945
3	93	49.7754
3	94	69.9294
3	95	42.5142
3	96	64.6240
3	97	66.4931
3	98	71.6095
3	99	67.2147
3	100	48.6888
3	101	84.2964
3	102	58.1303
3	103	74.7638
3	104	59.6898
3	105	58.5223
3	106	90.5327
3	107	58.2651
3	108	75.8033
3	109	49.4475
3	110	56.0525
3	111	74.5080
3	112	57.7896
3	113	60.8012
3	114	51.0787
3	115	96.0656
3	116	80.0207
3	117	72.3717
3	118	44.4425
3	119	57.8569
3	120	56.4695
3	121	53.1491
3	122	56.6542
3	123	50.4600
3	124	56.2639
3	125	79.7727
3	126	59.4451
3	127	47.6138
3	128	43.4865
3	129	92.7741
3	130	61.7122
3	131	70.7740
3	132	59.5049
3	133	64.6634
3	134	65.0560
3	135	93.5504
3	136	64.8845
3	137	63.0529
3	138	65.1328
3	139	65.9978
3	140	63.3537
3	141	68.2939
3	142	63.1432
3	143	56.0516
3	144	38.1693
3	145	69.9495
3	146	63.7895
3	147	69.6956
3	148	52.9312
3	149	51.6227
3	150	52.9177
3	151	47.2928
3	152	55.1969
3	153	72.7686
3	154	65.3349
3	155	56.6935
3	156	65.5051
3	157	57.7647
3	158	60.1193
3	159	53.3019
3	160	71.1526
3	161	45.6231
3	162	103.3908
3	163	72.6894
3	164	70.5693
3	165	65.1655
3	166	99.4745
3	167	43.1350
3	168	70.4591
3	169	70.5423
3	170	61.2077
3	171	76.3638
3	172	91.3962
3	173	62.1669
3	174	69.3800
3	175	44.1459
3	176	72.0385
3	177	48.7808
3	178	57.1346
3	179	58.4526
3	180	75.7370
3	181	55.6407
3	182	50.4996
3	183	62.1008
3	184	44.4297
3	185	81.3961
3	186	71.1381
3	187	63.9048
3	188	75.1267
3	189	59.6593
3	190	61.2046
3	191	67.9684
3	192	50.5426
3	193	83.9398
3	194	56.6531
3	195	64.5990
3	196	62.5511
3	197	62.0760
3	198	51.0070
3	199	64.9007
3	200	54.6399
3	201	31.1561
3	202	44.3523
3	203	54.5474
3	204	60.9702
3	205	77.2341
3	206	76.6128
3	207	74.3067
3	208	53.4711
3	209	77.6204
3	210	68.1783
3	211	75.7611
3	212	48.6008
3	213	48.9202
3	214	61.2722
3	215	90.6841
3	216	72.4824
3	217	53.8495
3	218	49.4604
3	219	37.5781
3	220	50.5231
3	221	57.0468
3	222	66.1043
3	223	97.8991
3	224	59.1654
3	225	49.3010
3	226	69.6000
3	227	58.9171
3	228	41.7071
3	229	38.5496
3	230	89.6871
3	231	67.5621
3	232	56.4119
3	233	55.6188
3	234	56.0214
3	235	49.7916
3	236	62.0864
3	237	54.6495
3	238	55.7766
3	239	73.4024
3	240	58.5186
3	241	57.9050
3	242	77.0110
3	243	79.4765
3	244	56.5935
3	245	49.2107
3	246	61.8825
3	247	60.6996
3	248	78.3916
3	249	49.5352
3	250	55.8272
3	251	73.6283
3	252	84.6465
3	253	81.2294
3	254	58.6992
3	255	64.2555
3	256	71.7338
3	257	52.3245
3	258	53.9345
3	259	75.6941
3	260	53.4510
3	261	75.9012
3	262	64.2279
3	263	59.6898
3	264	59.0658
3	265	54.2614
3	266	57.8955
3	267	69.1431
3	268	71.0263
3	269	52.9637
3	270	52.3674
3	271	88.8377
3	272	66.7204
3	273	46.8666
3	274	67.0175
3	275	49.1875
3	276	92.9867
3	277	65.5746
3	278	67.4713
3	279	88.5249
3	280	76.1284
3	281	63.5640
3	282	58.3792
3	283	57.3528
3	284	46.4479
3	285	57.8925
3	286	51.9687
3	287	59.4284
3	288	58.7978
3	289	62.8855
3	290	59.6168
3	291	59.9480
3	292	58.4520
3	293	59.9743
3	294	83.3474
3	295	58.7081
3	296	44.7949
3	297	59.5633
3	298	74.5848
3	299	79.8059
3	300	66.2740
3	301	66.2083
3	302	64.6274
3	303	70.5484
3	304	73.7708
3	305	78.9012
3	306	56.5343
3	307	86.1941
3	308	49.0219
3	309	54.9061
3	310	62.1794
3	311	62.9728
3	312	66.6459
3	313	51.7482
3	314	55.7926
3	315	40.3974
3	316	98.2755
3	317	64.6470
3	318	63.1246
3	319	72.2614
3	320	77.1069
3	321	47.4709
3	322	54.4830
3	323	70.4662
3	324	74.3767
3	325	42.6949
3	326	64.3234
3	327	67.6538
3	328	85.4723
3	329	50.7703
3	330	93.7044
3	331	59.6356
3	332	53.5293
3	333	72.7570
3	334	113.6876
3	335	59.2467
3	336	55.3363
3	337	72.1975
3	338	89.4892
3	339	54.0505
3	340	47.3565
3	341	54.4066
3	342	46.5668
3	343	92.6874
3	344	73.6995
3	345	52.1146
3	346	84.9629
3	347	100.4686
3	348	56.3715
3	349	53.6961
3	350	76.9132
3	351	52.9517
3	352	63.8245
3	353	73.4525
3	354	63.6007
3	355	55.4681
3	356	60.8070
3	357	46.8142
3	358	66.6231
3	359	58.7306
3	360	56.7824
3	361	59.5820
3	362	95.5918
3	363	42.6874
3	364	48.6313
3	365	82.3147
3	366	81.7676
3	367	62.1431
3	368	66.4637
3	369	75.1009
3	370	58.1829
3	371	49.4978
3	372	57.8697
3	373	43.7033
3	374	69.3060
3	375	78.3537
3	376	63.9042
3	377	91.7972
3	378	68.6616
3	379	86.8885
3	380	73.7917
3	381	79.8135
3	382	96.6910
3	383	53.5383
3	384	103.2321
3	385	98.5353
3	386	63.8233
3	387	73.5106
3	388	73.5835
3	389	50.7988
3	390	65.4005
3	391	69.8070
3	392	50.7386
3	393	60.2826
3	394	57.7507
3	395	71.5946
3	396	61.6882
3	397	57.7061
3	398	61.4744
3	399	67.4836
3	400	82.8824
3	401	44.0279
3	402	64.6239
3	403	83.2076
3	404	53.6714
3	405	64.2438
3	406	55.6578
3	407	55.6512
3	408	61.0604
3	409	60.0502
3	410	58.0700
3	411	70.1833
3	412	54.0021
3	413	57.7689
3	414	64.6003
3	415	40.2324
3	416	68.9495
3	417	57.6555
3	418	72.5297
3	419	55.1995
3	420	71.6063
3	421	68.2861
3	422	64.2146
3	423	56.6920
3	424	62.2306
3	425	57.3430
3	426	63.6653
3	427	67.6173
3	428	72.9761
3	429	64.9432
3	430	66.4873
3	431	75.2944
3	432	85.1452
3	433	67.3971
3	434	58.0657
3	435	72.9163
3	436	58.0415
3	437	58.4848
3	438	65.2901
3	439	69.2222
3	440	65.6271
3	441	62.3504
3	442	49.5324
3	443	81.4918
3	444	58.6879
3	445	55.5074
3	446	75.1378
3	447	57.3729
3	448	69.2625
3	449	55.6373
3	450	71.8788
3	451	63.3623
3	452	67.6263
3	453	64.9375
3	454	45.6915
3	455	69.9075
3	456	81.5958
3	457	49.9390
3	458	72.5783
3	459	56.4705
3	460	56.7304
3	461	63.5923
3	462	87.2201
3	463	40.1158
3	464	59.5044
3	465	72.3630
3	466	75.1658
3	467	55.7778
3	468	46.3021
3	469	61.7516
3	470	61.7881
3	471	60.0929
3	472	67.1354
3	473	87.7752
3	474	63.2844
3	475	54.2862
3	476	83.9765
3	477	59.5495
3	478	53.7083
3	479	70.8071
3	480	61.9933
3	481	66.8413
3	482	54.9987
3	483	56.9472
3	484	65.2336
3	485	71.8467
3	486	53.4324
3	487	56.9691
3	488	56.4480
3	489	52.6226
3	490	68.4733
3	491	69.0959
3	492	61.5300
3	493	58.8178
3	494	40.4270
3	495	63.6292
3	496	72.0072
3	497	60.7491
3	498	71.6710
3	499	65.7296
3	500	60.1600
3	501	75.7903
3	502	73.2302
3	503	60.1775
3	504	65.8077
3	505	62.3155
3	506	80.9901
3	507	89.4704
3	508	67.1267
3	509	84.9281
3	510	63.6951
3	511	60.3778
3	512	84.8657
3	513	45.3051
3	514	45.7181
3	515	57.7775
3	516	48.2179
3	517	49.7654
3	518	69.8678
3	519	71.9893
3	520	72.9228
3	521	69.3720
3	522	49.0908
3	523	62.4913
3	524	72.2581
3	525	59.2411
3	526	65.4104
3	527	61.6260
3	528	59.1859
3	529	78.6618
3	530	60.7794
3	531	50.4012
3	532	57.5484
3	533	65.2746
3	534	59.5676
3	535	60.1290
3	536	60.9358
3	537	55.4538
3	538	58.5778
3	539	64.0364
3	540	64.4684
3	541	60.9269
3	542	44.0908
3	543	51.2691
3	544	53.3732
3	545	63.1452
3	546	68.2178
3	547	60.3796
3	548	104.5882
3	549	46.4801
3	550	70.3899
3	551	63.5208
3	552	45.4848
3	553	53.7041
3	554	80.1375
3	555	84.5630
3	556	45.9902
3	557	64.2429
3	558	61.0334
3	559	45.4383
3	560	81.5782
3	561	66.8557
3	562	38.1020
3	563	56.8437
3	564	69.3447
3	565	86.9784
3	566	58.3916
3	567	80.1451
3	568	73.3672
3	569	65.4914
3	570	46.1082
3	571	80.6763
3	572	85.2711
3	573	53.2388
3	574	53.2373
3	575	85.6023
3	576	52.8900
3	577	66.5316
3	578	86.5809
3	579	61.7752
3	580	59.2790
3	581	53.6293
3	582	62.7391
3	583	70.8794
3	584	74.1133
3	585	62.0780
3	586	68.0258
3	587	60.4107
3	588	86.7057
3	589	48.0380
3	590	63.7160
3	591	70.4812
3	592	69.8514
3	593	53.2511
3	594	72.6723
3	595	51.9674
3	596	63.0758
3	597	55.8651
3	598	54.7494
3	599	76.1673
3	600	95.7159
3	601	78.7143
3	602	93.3596
3	603	77.2928
3	604	71.8514
3	605	73.9882
3	606	72.9223
3	607	48.3676
3	608	47.2838
3	609	67.6241
3	610	59.1986
3	611	65.1547
3	612	60.1446
3	613	61.8232
3	614	68.0417
3	615	53.3365
3	616	73.0258
3	617	53.8252
3	618	47.5138
3	619	62.0806
3	620	80.5502
3	621	69.7586
3	622	74.2338
3	623	66.1449
3	624	62.0423
3	625	68.2085
3	626	54.1392
3	627	47.9339
3	628	74.8126
3	629	57.2368
3	630	53.1354
3	631	66.3943
3	632	66.1401
3	633	94.9037
3	634	70.1884
3	635	79.3725
3	636	62.2483
3	637	63.8147
3	638	74.7949
3	639	64.3118
3	640	51.0194
3	641	89.3608
3	642	66.8088
3	643	78.5478
3	644	68.1600
3	645	65.5657
3	646	72.9481
3	647	53.0495
3	648	55.6571
3	649	49.2686
3	650	79.2517
3	651	90.2263
3	652	63.0662
3	653	47.8758
3	654	76.8883
3	655	78.0662
3	656	58.1956
3	657	70.5903
3	658	58.5700
3	659	53.2441
3	660	44.5929
3	661	71.7471
3	662	46.3022
3	663	77.2439
3	664	65.9495
3	665	74.9517
3	666	75.0039
3	667	63.6312
3	668	77.6723
3	669	56.1063
3	670	74.2943
3	671	65.0933
3	672	50.1962
3	673	59.7777
3	674	84.5816
3	675	76.4140
3	676	47.1901
3	677	65.9656
3	678	40.9100
3	679	63.5542
3	680	50.7173
3	681	44.1563
3	682	46.1982
3	683	60.6813
3	684	57.6168
3	685	65.3696
3	686	66.4869
3	687	57.7740
3	688	58.3994
3	689	67.2431
3	690	61.0086
3	691	44.0671
3	692	58.5064
3	693	66.2482
3	694	110.1150
3	695	52.7625
3	696	71.3748
3	697	69.4777
3	698	49.7490
3	699	50.4635
3	700	53.7509
3	701	74.5577
3	702	45.2718
3	703	51.8585
3	704	76.1574
3	705	60.3867
3	706	49.2152
3	707	90.1403
3	708	71.1582
3	709	69.2830
3	710	52.1030
3	711	63.4958
3	712	59.6121
3	713	46.7854
3	714	54.9915
3	715	62.0772
3	716	56.7803
3	717	49.2050
3	718	56.4078
3	719	55.9172
3	720	53.6812
3	721	75.9266
3	722	40.4048
3	723	65.5859
3	724	70.1500
3	725	71.6807
3	726	66.8602
3	727	63.3679
3	728	84.0856
3	729	50.3420
3	730	59.5077
3	731	66.5966
3	732	80.0990
3	733	52.2343
3	734	43.4491
3	735	56.0198
3	736	56.1506
3	737	63.6622
3	738	72.9973
3	739	55.0891
3	740	61.6598
3	741	65.7757
3	742	58.7716
3	743	77.2033
3	744	49.4824
3	745	52.7581
3	746	65.0251
3	747	71.7808
3	748	54.7279
3	749	55.0818
3	750	62.6388
3	751	62.7938
3	752	58.7087
3	753	74.8230
3	754	63.8082
3	755	60.2035
3	756	57.1963
3	757	53.4726
3	758	47.7593
3	759	47.5421
3	760	52.9033
3	761	58.6451
3	762	72.2349
3	763	72.9620
3	764	56.4371
3	765	54.0157
3	766	62.9498
3	767	61.8324
3	768	70.5981
3	769	73.0327
3	770	62.2084
3	771	58.8351
3	772	54.4104
3	773	78.3567
3	774	79.4042
3	775	65.3792
3	776	71.2872
3	777	57.7654
3	778	61.4355
3	779	46.1907
3	780	76.8801
3	781	48.7528
3	782	66.8151
3	783	67.4241
3	784	57.0140
3	785	54.0718
3	786	68.9638
3	787	49.9832
3	788	52.0237
3	789	69.9731
3	790	79.0897
3	791	58.0965
3	792	78.0058
3	793	66.6547
3	794	56.3815
3	795	68.0273
3	796	55.8547
3	797	56.5687
3	798	89.8129
3	799	40.8995
3	800	43.7783
3	801	72.7974
3	802	66.4368
3	803	38.7282
3	804	55.8110
3	805	60.9751
3	806	71.5589
3	807	73.8486
3	808	65.9820
3	809	57.2724
3	810	56.0732
3	811	62.6652
3	812	72.0368
3	813	63.2428
3	814	53.5056
3	815	68.4427
3	816	57.8886
3	817	53.9469
3	818	51.6905
3	819	51.0671
3	820	60.8102
3	821	79.2235
3	822	67.5613
3	823	58.8292
3	824	58.2110
3	825	68.7806
3	826	56.6740
3	827	66.7270
3	828	78.3718
3	829	57.5327
3	830	68.6896
3	831	90.8524
3	832	72.9500
3	833	58.5092
3	834	85.8877
3	835	89.9264
3	836	64.0318
3	837	60.9794
3	838	56.0856
3	839	82.1659
3	840	48.0175
3	841	62.8839
3	842	55.2032
3	843	77.5809
3	844	45.9209
3	845	63.4429
3	846	49.1554
3	847	43.0460
3	848	87.0637
3	849	45.1643
3	850	66.7688
3	851	51.7823
3	852	67.8834
3	853	66.5062
3	854	78.6107
3	855	64.9331
3	856	53.8420
3	857	49.7500
3	858	89.6115
3	859	67.7707
3	860	72.1841
3	861	65.9887
3	862	55.1214
3	863	55.0581
3	864	51.8016
3	865	54.9006
3	866	69.2490
3	867	57.5089
3	868	44.9190
3	869	45.9471
3	870	51.2964
3	871	72.9150
3	872	79.1562
3	873	73.7998
3	874	60.9633
3	875	70.0395
3	876	72.0247
3	877	64.0550
3	878	74.8767
3	879	104.3199
3	880	77.8552
3	881	51.2656
3	882	66.3741
3	883	64.0441
3	884	59.0579
3	885	88.4650
3	886	64.4685
3	887	68.6934
3	888	53.0582
3	889	64.4812
3	890	96.2243
3	891	54.9635
3	892	61.0920
3	893	53.3195
3	894	64.4435
3	895	67.5129
3	896	53.2805
3	897	52.6031
3	898	60.2009
3	899	68.5464
3	900	77.7830
3	901	61.7933
3	902	67.9011
3	903	70.7567
3	904	47.5271
3	905	64.3835
3	906	55.9551
3	907	79.2816
3	908	58.2106
3	909	56.4055
3	910	90.1897
3	911	63.5480
3	912	63.5155
3	913	76.1670
3	914	72.2182
3	915	49.9537
3	916	61.1849
3	917	54.2116
3	918	51.7943
3	919	80.2005
3	920	67.4860
3	921	55.9867
3	922	74.1190
3	923	50.1659
3	924	66.8852
3	925	60.2992
3	926	53.0583
3	927	51.9159
3	928	58.5836
3	929	74.2036
3	930	56.7932
3	931	53.7241
3	932	67.3514
3	933	68.3458
3	934	52.4286
3	935	75.8128
3	936	66.6989
3	937	74.8926
3	938	61.8310
3	939	103.8580
3	940	79.4298
3	941	66.7954
3	942	58.5336
3	943	81.2991
3	944	47.3820
3	945	68.4069
3	946	58.2020
3	947	63.7064
3	948	86.5653
3	949	48.1953
3	950	68.5569
3	951	50.0075
3	952	43.7901
3	953	64.8860
3	954	42.0366
3	955	81.0852
3	956	56.8382
3	957	60.8964
3	958	97.6926
3	959	69.9251
3	960	71.2787
3	961	51.3562
3	962	111.2148
3	963	69.9888
3	964	71.9372
3	965	58.0522
3	966	70.3983
3	967	42.3216
3	968	60.9632
3	969	41.4841
3	970	76.5435
3	971	66.0351
3	972	52.4986
3	973	62.8826
3	974	67.0322
3	975	60.0240
3	976	43.3091
3	977	52.8059
3	978	62.3524
3	979	52.8992
3	980	57.2130
3	981	55.6452
3	982	80.6692
3	983	56.9171
3	984	53.2069
3	985	63.3369
3	986	66.4427
3	987	60.4417
3	988	52.1964
3	989	50.9920
3	990	56.1172
3	991	60.4888
3	992	51.0332
3	993	91.8151
3	994	72.8195
3	995	65.1559
3	996	92.6377
3	997	55.1879
3	998	68.9665
3	999	46.4941
3	1000	44.4750
3	1001	58.0904
3	1002	71.3151
3	1003	59.1107
3	1004	60.0161
3	1005	57.8297
3	1006	46.6677
3	1007	68.1179
3	1008	72.0623
3	1009	66.6224
3	1010	54.0645
3	1011	51.5477
3	1012	51.9565
3	1013	88.5400
3	1014	74.7497
3	1015	65.6020
3	1016	56.4064
3	1017	82.9542
3	1018	52.0097
3	1019	53.2283
3	1020	63.1495
3	1021	86.9360
3	1022	65.0526
3	1023	59.1044
3	1024	82.3951
3	1025	48.3632
3	1026	69.0123
3	1027	65.5311
3	1028	51.4738
3	1029	39.0310
3	1030	51.6340
3	1031	65.3728
3	1032	39.7165
3	1033	59.3175
3	1034	71.4328
3	1035	61.9814
3	1036	74.7047
3	1037	78.4958
3	1038	49.4222
3	1039	58.7371
3	1040	49.4901
3	1041	87.3397
3	1042	56.9724
3	1043	50.7529
3	1044	44.0652
3	1045	93.2865
3	1046	68.6440
3	1047	57.2156
3	1048	40.8758
3	1049	53.7710
3	1050	75.4801
3	1051	73.0904
3	1052	59.2560
3	1053	48.4465
3	1054	40.0950
3	1055	68.7447
3	1056	67.4437
3	1057	61.6994
3	1058	62.1108
3	1059	64.1348
3	1060	41.6967
3	1061	76.6398
3	1062	71.4384
3	1063	56.5504
3	1064	59.7737
3	1065	69.1793
3	1066	69.6071
3	1067	83.9045
3	1068	54.8929
3	1069	57.1894
3	1070	85.1718
3	1071	77.5422
3	1072	63.4413
3	1073	56.8294
3	1074	50.3288
3	1075	61.5638
3	1076	83.0623
3	1077	71.3886
3	1078	41.0100
3	1079	80.4033
3	1080	71.7489
3	1081	85.7477
3	1082	64.8367
3	1083	65.8046
3	1084	54.1356
3	1085	54.0564
3	1086	57.5232
3	1087	99.3602
3	1088	52.0550
3	1089	51.5433
3	1090	60.7314
3	1091	84.2368
3	1092	75.5623
3	1093	57.7352
3	1094	62.9611
3	1095	58.0570
3	1096	58.7111
3	1097	47.1555
3	1098	48.7503
3	1099	60.4611
3	1100	83.9337
3	1101	46.1343
3	1102	56.6066
3	1103	77.8520
3	1104	65.3592
3	1105	61.0931
3	1106	40.9064
3	1107	112.7950
3	1108	83.9354
3	1109	52.0308
3	1110	66.6811
3	1111	78.2643
3	1112	61.0152
3	1113	58.8430
3	1114	85.0088
3	1115	56.5365
3	1116	84.5578
3	1117	62.0277
3	1118	44.5303
3	1119	70.6669
3	1120	42.9724
3	1121	57.6162
3	1122	46.3612
3	1123	57.0287
3	1124	66.6633
3	1125	83.5908
3	1126	83.6843
3	1127	85.6324
3	1128	47.4968
3	1129	63.4060
3	1130	46.3049
3	1131	59.3708
3	1132	47.6488
3	1133	62.4320
3	1134	58.8495
3	1135	58.4497
3	1136	67.0728
3	1137	75.2928
3	1138	58.1709
3	1139	77.2745
3	1140	85.5393
3	1141	59.2169
3	1142	79.2629
3	1143	73.5886
3	1144	63.3754
3	1145	48.7637
3	1146	98.1251
3	1147	66.8295
3	1148	74.1561
3	1149	48.9156
3	1150	44.1991
3	1151	48.5352
3	1152	50.6550
3	1153	96.2940
3	1154	60.7287
3	1155	72.3279
3	1156	52.4581
3	1157	59.5687
3	1158	48.6141
3	1159	39.0381
3	1160	74.4513
3	1161	62.9858
3	1162	73.2977
3	1163	73.6706
3	1164	58.0687
3	1165	44.7793
End of Epoch 3 - Average Train Perplexity: 62.5109
4	1	44.5752
4	2	63.6289
4	3	64.2440
4	4	53.1622
4	5	61.0788
4	6	59.1996
4	7	58.9724
4	8	51.7263
4	9	43.6163
4	10	45.6975
4	11	73.8544
4	12	41.1013
4	13	51.5123
4	14	62.0419
4	15	62.3625
4	16	46.4383
4	17	52.6707
4	18	56.3363
4	19	44.1627
4	20	61.4701
4	21	71.0596
4	22	56.9197
4	23	78.6535
4	24	40.3753
4	25	73.5012
4	26	56.0944
4	27	65.8970
4	28	51.5782
4	29	50.7626
4	30	55.9690
4	31	56.0170
4	32	56.6472
4	33	65.3499
4	34	59.5563
4	35	44.2118
4	36	48.6546
4	37	51.8088
4	38	56.5979
4	39	40.8238
4	40	65.9201
4	41	70.5191
4	42	86.5851
4	43	62.7989
4	44	47.1012
4	45	72.5554
4	46	62.9735
4	47	69.7670
4	48	55.0324
4	49	71.6411
4	50	64.7284
4	51	78.6379
4	52	49.1521
4	53	54.4197
4	54	57.4928
4	55	49.0136
4	56	44.4908
4	57	72.8340
4	58	51.1384
4	59	68.2512
4	60	91.6053
4	61	70.2751
4	62	47.7118
4	63	54.1778
4	64	61.4551
4	65	40.0592
4	66	67.9123
4	67	59.5057
4	68	44.1007
4	69	52.3469
4	70	58.0497
4	71	59.9114
4	72	47.1521
4	73	49.6695
4	74	57.4847
4	75	59.3325
4	76	68.0246
4	77	82.1219
4	78	63.8452
4	79	70.6254
4	80	73.0768
4	81	57.7402
4	82	51.5083
4	83	78.9291
4	84	72.3463
4	85	48.5132
4	86	64.1013
4	87	43.9569
4	88	75.1127
4	89	49.9018
4	90	58.4560
4	91	55.0587
4	92	54.0132
4	93	73.9913
4	94	67.9691
4	95	71.4073
4	96	59.4658
4	97	57.1709
4	98	70.2404
4	99	59.2264
4	100	63.9582
4	101	59.3025
4	102	56.1544
4	103	75.8888
4	104	27.1064
4	105	43.6505
4	106	71.9432
4	107	51.7089
4	108	46.5620
4	109	53.4754
4	110	54.8527
4	111	51.8835
4	112	63.8555
4	113	60.1483
4	114	54.1094
4	115	37.8567
4	116	62.3820
4	117	66.3812
4	118	49.9113
4	119	73.1843
4	120	54.3443
4	121	58.8852
4	122	38.8698
4	123	68.0034
4	124	78.2119
4	125	63.6119
4	126	38.7725
4	127	56.7539
4	128	78.7067
4	129	62.3010
4	130	78.7169
4	131	59.6935
4	132	58.9537
4	133	71.0193
4	134	63.4634
4	135	49.0775
4	136	63.2622
4	137	52.5720
4	138	65.2705
4	139	58.0848
4	140	48.1561
4	141	54.4040
4	142	85.4570
4	143	125.1328
4	144	57.7591
4	145	53.7844
4	146	70.6874
4	147	49.4577
4	148	57.2017
4	149	70.4300
4	150	49.3019
4	151	56.8461
4	152	71.6490
4	153	54.1850
4	154	46.0619
4	155	60.8043
4	156	57.3897
4	157	69.4703
4	158	48.6442
4	159	52.8010
4	160	61.1087
4	161	56.0839
4	162	81.2436
4	163	48.3407
4	164	45.4608
4	165	46.5270
4	166	51.5154
4	167	46.7422
4	168	51.9706
4	169	62.4158
4	170	35.7001
4	171	52.9164
4	172	36.6030
4	173	64.5862
4	174	68.2277
4	175	44.3818
4	176	88.4977
4	177	58.7527
4	178	51.9117
4	179	73.8260
4	180	49.6133
4	181	55.3323
4	182	67.3839
4	183	69.5654
4	184	69.8427
4	185	57.2803
4	186	61.4043
4	187	69.2132
4	188	62.7797
4	189	70.0147
4	190	59.7866
4	191	54.3214
4	192	48.6852
4	193	73.4960
4	194	64.2883
4	195	38.0210
4	196	46.9111
4	197	68.2413
4	198	45.7583
4	199	110.1043
4	200	78.3008
4	201	56.4337
4	202	56.0647
4	203	54.0199
4	204	53.5938
4	205	50.0461
4	206	52.7510
4	207	51.8791
4	208	45.5646
4	209	39.3371
4	210	73.5593
4	211	58.4089
4	212	58.0069
4	213	47.8569
4	214	73.2068
4	215	52.7976
4	216	53.2352
4	217	38.7022
4	218	49.9138
4	219	53.8818
4	220	63.5919
4	221	69.3453
4	222	59.9721
4	223	54.6227
4	224	77.4162
4	225	74.8384
4	226	49.9746
4	227	60.1191
4	228	54.9404
4	229	69.3023
4	230	59.4889
4	231	76.1791
4	232	58.0400
4	233	48.5711
4	234	48.3492
4	235	59.5048
4	236	49.3348
4	237	60.4532
4	238	46.5758
4	239	55.5449
4	240	62.7962
4	241	51.5645
4	242	63.8666
4	243	76.4889
4	244	47.2404
4	245	53.5768
4	246	60.5678
4	247	56.2653
4	248	71.0672
4	249	60.8042
4	250	40.5744
4	251	65.6521
4	252	68.8160
4	253	54.2199
4	254	51.4214
4	255	52.4004
4	256	46.1431
4	257	66.7990
4	258	41.3352
4	259	60.6611
4	260	48.1926
4	261	49.6093
4	262	50.7175
4	263	59.2445
4	264	58.8526
4	265	43.5295
4	266	51.7239
4	267	62.6512
4	268	50.2046
4	269	49.7373
4	270	70.2211
4	271	48.7195
4	272	60.8172
4	273	83.6126
4	274	47.4764
4	275	48.7793
4	276	54.2822
4	277	50.4589
4	278	58.5164
4	279	58.5574
4	280	77.6889
4	281	54.6721
4	282	62.2571
4	283	43.3905
4	284	74.6010
4	285	52.4664
4	286	67.9122
4	287	56.8024
4	288	82.4553
4	289	56.9187
4	290	55.5812
4	291	42.9656
4	292	60.3022
4	293	51.1653
4	294	65.7542
4	295	64.1704
4	296	53.2237
4	297	47.2247
4	298	67.5835
4	299	44.2588
4	300	79.4204
4	301	32.7968
4	302	94.9146
4	303	51.3498
4	304	51.3405
4	305	65.1509
4	306	61.3932
4	307	63.2906
4	308	54.2573
4	309	57.7709
4	310	48.7211
4	311	83.1430
4	312	67.4804
4	313	51.9773
4	314	89.0640
4	315	42.0803
4	316	43.9268
4	317	60.0892
4	318	62.3854
4	319	40.9090
4	320	45.2807
4	321	60.4102
4	322	58.1095
4	323	71.9906
4	324	42.7710
4	325	65.4621
4	326	66.4101
4	327	63.7302
4	328	62.3243
4	329	49.7269
4	330	60.5523
4	331	74.1621
4	332	51.6031
4	333	60.7231
4	334	62.0124
4	335	48.8825
4	336	62.6955
4	337	59.7987
4	338	47.1333
4	339	73.7378
4	340	47.2466
4	341	62.8109
4	342	82.3248
4	343	61.8976
4	344	64.1108
4	345	46.7608
4	346	76.2166
4	347	67.0025
4	348	57.4606
4	349	57.4483
4	350	50.0285
4	351	60.3848
4	352	70.5455
4	353	70.2853
4	354	51.9390
4	355	63.3542
4	356	60.9247
4	357	46.9387
4	358	57.0810
4	359	62.2000
4	360	81.6318
4	361	75.0043
4	362	74.7872
4	363	56.7847
4	364	58.3079
4	365	52.8437
4	366	60.3960
4	367	42.8194
4	368	51.2720
4	369	100.1147
4	370	60.0029
4	371	89.3743
4	372	64.8312
4	373	58.0613
4	374	77.4931
4	375	65.0327
4	376	50.5125
4	377	59.6939
4	378	61.9652
4	379	55.9710
4	380	59.2527
4	381	58.1219
4	382	54.6009
4	383	62.1619
4	384	54.6005
4	385	54.7026
4	386	70.4069
4	387	52.3884
4	388	52.5369
4	389	52.8115
4	390	54.9676
4	391	38.7902
4	392	58.5008
4	393	70.0619
4	394	64.8502
4	395	78.5040
4	396	59.9639
4	397	47.5872
4	398	67.5721
4	399	44.8271
4	400	58.8687
4	401	86.3828
4	402	45.5566
4	403	57.0210
4	404	65.8804
4	405	41.3388
4	406	60.4411
4	407	34.5777
4	408	83.9435
4	409	76.8415
4	410	74.1005
4	411	45.9927
4	412	67.1682
4	413	69.4324
4	414	41.7080
4	415	70.9446
4	416	45.6446
4	417	85.6526
4	418	58.8710
4	419	60.9050
4	420	47.2518
4	421	61.6269
4	422	67.6528
4	423	64.4729
4	424	83.0357
4	425	74.9725
4	426	49.3908
4	427	47.1083
4	428	63.5092
4	429	53.0379
4	430	44.6849
4	431	69.9179
4	432	38.2812
4	433	79.5941
4	434	66.2301
4	435	65.9865
4	436	54.0638
4	437	63.4539
4	438	38.5775
4	439	50.0593
4	440	49.9273
4	441	51.6272
4	442	66.3086
4	443	45.1298
4	444	52.3832
4	445	49.2812
4	446	54.4327
4	447	56.5104
4	448	49.1554
4	449	56.2327
4	450	38.9090
4	451	43.5988
4	452	53.6577
4	453	53.1105
4	454	47.2305
4	455	53.9434
4	456	58.5045
4	457	50.7891
4	458	61.9527
4	459	52.6632
4	460	43.3740
4	461	44.5434
4	462	57.0701
4	463	55.0323
4	464	42.7877
4	465	65.6961
4	466	64.2036
4	467	55.8870
4	468	63.9024
4	469	58.4887
4	470	44.1084
4	471	45.7109
4	472	72.7902
4	473	79.3958
4	474	62.0754
4	475	69.6845
4	476	90.1306
4	477	60.7755
4	478	51.6305
4	479	47.6327
4	480	49.8564
4	481	77.5695
4	482	57.0994
4	483	70.2199
4	484	56.7631
4	485	84.4781
4	486	61.9697
4	487	66.6897
4	488	49.7263
4	489	66.9246
4	490	77.9630
4	491	57.7382
4	492	60.7150
4	493	54.8631
4	494	75.9104
4	495	63.5158
4	496	52.5510
4	497	55.9070
4	498	42.7248
4	499	79.3043
4	500	52.8889
4	501	72.2101
4	502	51.6769
4	503	59.5598
4	504	68.4363
4	505	37.3677
4	506	67.1458
4	507	76.6193
4	508	63.2095
4	509	51.3088
4	510	44.9963
4	511	58.6818
4	512	90.3217
4	513	40.5234
4	514	41.5392
4	515	59.1027
4	516	52.2897
4	517	68.3106
4	518	50.2142
4	519	51.8097
4	520	65.9130
4	521	62.8477
4	522	61.1502
4	523	79.0464
4	524	67.3831
4	525	74.6806
4	526	72.1109
4	527	55.9522
4	528	85.6152
4	529	55.9694
4	530	59.2738
4	531	48.4771
4	532	68.3074
4	533	82.8938
4	534	65.4083
4	535	56.5810
4	536	45.9219
4	537	53.3423
4	538	54.1927
4	539	46.9608
4	540	56.9671
4	541	67.3608
4	542	58.1965
4	543	68.9105
4	544	65.0453
4	545	57.6280
4	546	47.3702
4	547	57.7261
4	548	51.8849
4	549	53.7522
4	550	60.9434
4	551	69.7667
4	552	54.2963
4	553	58.4258
4	554	63.7650
4	555	77.2538
4	556	51.8152
4	557	60.4374
4	558	43.8333
4	559	56.1198
4	560	43.1972
4	561	76.0022
4	562	56.6705
4	563	54.3637
4	564	40.8821
4	565	72.7622
4	566	60.0599
4	567	90.9055
4	568	52.9434
4	569	63.3722
4	570	62.7744
4	571	54.0329
4	572	54.2614
4	573	53.8878
4	574	50.1298
4	575	75.2663
4	576	80.6416
4	577	46.0324
4	578	54.9019
4	579	44.0235
4	580	44.1253
4	581	67.3878
4	582	58.8595
4	583	60.7941
4	584	58.5416
4	585	76.0646
4	586	69.5621
4	587	41.0916
4	588	71.2451
4	589	59.3638
4	590	70.8167
4	591	64.8226
4	592	51.7382
4	593	49.8342
4	594	48.5450
4	595	46.9951
4	596	41.3686
4	597	64.9477
4	598	56.2219
4	599	54.3888
4	600	66.2194
4	601	52.7512
4	602	53.7626
4	603	57.8653
4	604	46.0652
4	605	60.1703
4	606	66.8591
4	607	70.0257
4	608	57.2516
4	609	48.4040
4	610	63.3935
4	611	71.8058
4	612	67.2177
4	613	54.7778
4	614	58.5099
4	615	59.7739
4	616	52.9408
4	617	72.6280
4	618	66.4586
4	619	64.2212
4	620	57.3581
4	621	47.6779
4	622	57.2152
4	623	64.2461
4	624	58.1650
4	625	46.6296
4	626	94.0193
4	627	60.3183
4	628	51.8274
4	629	84.3947
4	630	67.4100
4	631	61.1215
4	632	66.7102
4	633	63.1082
4	634	53.5519
4	635	49.2145
4	636	78.2685
4	637	68.1045
4	638	64.2380
4	639	54.5515
4	640	69.5280
4	641	55.9157
4	642	54.5543
4	643	64.8986
4	644	53.9771
4	645	60.4035
4	646	74.3099
4	647	54.0573
4	648	52.7971
4	649	50.1361
4	650	50.9185
4	651	63.4691
4	652	46.5140
4	653	48.3129
4	654	56.5497
4	655	54.0631
4	656	45.8673
4	657	61.8971
4	658	63.6817
4	659	58.1211
4	660	58.9880
4	661	43.1733
4	662	43.6452
4	663	64.9375
4	664	50.8136
4	665	44.0316
4	666	50.8604
4	667	72.1581
4	668	76.1493
4	669	59.0034
4	670	58.0563
4	671	74.9687
4	672	48.4874
4	673	61.2985
4	674	41.7646
4	675	62.1203
4	676	47.1811
4	677	60.7094
4	678	71.1739
4	679	58.4006
4	680	73.6667
4	681	57.9098
4	682	63.4749
4	683	44.3464
4	684	56.6320
4	685	52.7938
4	686	82.8371
4	687	56.1258
4	688	44.3730
4	689	51.0087
4	690	55.2408
4	691	47.2375
4	692	45.8566
4	693	54.1029
4	694	67.5956
4	695	55.9488
4	696	50.4334
4	697	60.4090
4	698	44.4026
4	699	60.0778
4	700	62.2602
4	701	53.3560
4	702	45.5597
4	703	50.7709
4	704	51.7931
4	705	53.0335
4	706	42.5087
4	707	65.7759
4	708	69.1522
4	709	61.6464
4	710	58.7431
4	711	47.1188
4	712	62.5429
4	713	68.6710
4	714	55.1565
4	715	40.3922
4	716	55.5355
4	717	61.7172
4	718	51.9850
4	719	50.9063
4	720	69.2533
4	721	67.4394
4	722	78.3475
4	723	75.1510
4	724	46.3474
4	725	58.1689
4	726	41.5086
4	727	107.3179
4	728	63.1703
4	729	58.9173
4	730	53.9980
4	731	64.4370
4	732	69.4608
4	733	43.9174
4	734	50.4077
4	735	68.8133
4	736	49.2237
4	737	61.1492
4	738	53.4354
4	739	74.1854
4	740	40.5177
4	741	62.6819
4	742	60.9491
4	743	44.8216
4	744	93.5025
4	745	78.4458
4	746	69.0218
4	747	56.4467
4	748	47.0500
4	749	79.5395
4	750	53.7197
4	751	54.5697
4	752	74.3207
4	753	63.2797
4	754	82.9817
4	755	51.5091
4	756	52.0431
4	757	51.3064
4	758	64.5175
4	759	53.2992
4	760	46.5861
4	761	45.4265
4	762	47.0659
4	763	68.4349
4	764	69.0929
4	765	44.7807
4	766	47.7128
4	767	57.8004
4	768	49.2226
4	769	65.1710
4	770	49.3267
4	771	41.3014
4	772	61.1933
4	773	72.9692
4	774	49.4377
4	775	76.3813
4	776	85.4456
4	777	74.8958
4	778	57.2487
4	779	68.0029
4	780	80.2800
4	781	44.5687
4	782	58.9535
4	783	93.1588
4	784	82.3965
4	785	53.0913
4	786	70.3912
4	787	66.2366
4	788	40.4408
4	789	64.3376
4	790	57.4409
4	791	52.9183
4	792	43.7759
4	793	58.7231
4	794	69.6489
4	795	55.4214
4	796	45.5970
4	797	61.9951
4	798	57.6608
4	799	50.0882
4	800	53.8389
4	801	47.8778
4	802	66.1414
4	803	59.6477
4	804	77.3454
4	805	57.9422
4	806	40.6741
4	807	83.2651
4	808	66.8278
4	809	50.9647
4	810	68.2379
4	811	60.5618
4	812	63.3790
4	813	60.7824
4	814	52.6784
4	815	64.7544
4	816	51.5109
4	817	70.8536
4	818	84.7771
4	819	62.7562
4	820	80.6036
4	821	51.7853
4	822	67.9113
4	823	57.6007
4	824	57.8158
4	825	60.7392
4	826	48.2302
4	827	41.1039
4	828	60.2142
4	829	68.0655
4	830	45.0231
4	831	77.0903
4	832	55.6739
4	833	74.7266
4	834	60.6918
4	835	42.5073
4	836	68.8984
4	837	46.2516
4	838	54.1026
4	839	44.8963
4	840	48.2361
4	841	42.2185
4	842	79.8659
4	843	56.8213
4	844	62.7569
4	845	47.9279
4	846	64.2785
4	847	58.7181
4	848	52.6730
4	849	42.5609
4	850	58.0318
4	851	54.2800
4	852	43.7378
4	853	83.9362
4	854	66.1670
4	855	47.9702
4	856	45.5290
4	857	40.5008
4	858	51.4001
4	859	66.6499
4	860	79.4410
4	861	81.1809
4	862	66.4001
4	863	50.9203
4	864	51.2088
4	865	86.7561
4	866	75.5418
4	867	77.8244
4	868	46.6679
4	869	67.8207
4	870	54.9244
4	871	54.2139
4	872	64.6239
4	873	55.1753
4	874	57.4357
4	875	74.8543
4	876	53.2305
4	877	51.1033
4	878	51.3604
4	879	40.9704
4	880	64.4018
4	881	57.7395
4	882	82.2677
4	883	54.3010
4	884	93.5697
4	885	40.5230
4	886	57.7907
4	887	55.9218
4	888	72.3810
4	889	61.0182
4	890	43.8263
4	891	49.0556
4	892	54.1809
4	893	72.6665
4	894	53.4725
4	895	66.6341
4	896	60.1560
4	897	57.7778
4	898	60.4581
4	899	55.0903
4	900	84.3437
4	901	55.9903
4	902	57.3493
4	903	72.6149
4	904	58.7231
4	905	53.7176
4	906	55.9855
4	907	74.2735
4	908	51.7728
4	909	49.6771
4	910	57.4891
4	911	52.5695
4	912	71.1004
4	913	62.0987
4	914	65.7739
4	915	43.8301
4	916	55.8150
4	917	95.7113
4	918	55.1433
4	919	44.9076
4	920	58.5297
4	921	47.7511
4	922	66.1433
4	923	50.4901
4	924	57.9737
4	925	56.1156
4	926	50.0503
4	927	42.3625
4	928	52.9622
4	929	65.4770
4	930	53.8869
4	931	73.5234
4	932	53.7768
4	933	70.6078
4	934	52.1872
4	935	54.2887
4	936	50.9015
4	937	54.0081
4	938	43.2689
4	939	45.5814
4	940	49.4223
4	941	58.8676
4	942	60.8512
4	943	45.7699
4	944	66.9648
4	945	53.4651
4	946	84.7641
4	947	71.0300
4	948	55.4742
4	949	62.3197
4	950	36.8906
4	951	53.3801
4	952	58.3608
4	953	72.5224
4	954	42.5220
4	955	37.9303
4	956	50.9545
4	957	72.1090
4	958	50.9902
4	959	65.5942
4	960	67.3252
4	961	58.5757
4	962	49.1268
4	963	43.9262
4	964	41.9498
4	965	50.6871
4	966	48.0769
4	967	71.7805
4	968	57.5562
4	969	58.7913
4	970	41.3107
4	971	63.6975
4	972	48.0098
4	973	82.8326
4	974	63.2484
4	975	38.1773
4	976	64.5937
4	977	53.3305
4	978	49.2360
4	979	53.5045
4	980	58.7272
4	981	52.2380
4	982	57.1030
4	983	66.7403
4	984	42.6131
4	985	41.9173
4	986	70.7950
4	987	71.8549
4	988	43.9331
4	989	63.2448
4	990	61.4189
4	991	59.6350
4	992	62.5078
4	993	64.3566
4	994	49.9954
4	995	61.3480
4	996	58.4702
4	997	59.3777
4	998	70.0206
4	999	43.6057
4	1000	60.6727
4	1001	72.8798
4	1002	55.9614
4	1003	55.2769
4	1004	90.2660
4	1005	78.6420
4	1006	47.6253
4	1007	71.1250
4	1008	38.9056
4	1009	56.3647
4	1010	42.8278
4	1011	88.3269
4	1012	126.8406
4	1013	54.9829
4	1014	62.3534
4	1015	52.4881
4	1016	45.2702
4	1017	67.3481
4	1018	60.2631
4	1019	44.4787
4	1020	62.8827
4	1021	65.5206
4	1022	64.5658
4	1023	75.6834
4	1024	39.3835
4	1025	57.5144
4	1026	59.4174
4	1027	62.5372
4	1028	79.9627
4	1029	60.5233
4	1030	64.0894
4	1031	60.7253
4	1032	51.0022
4	1033	55.6395
4	1034	57.1476
4	1035	46.8335
4	1036	54.1413
4	1037	66.8465
4	1038	68.7567
4	1039	53.2523
4	1040	93.1706
4	1041	70.9577
4	1042	65.2510
4	1043	72.5852
4	1044	75.8073
4	1045	59.1606
4	1046	74.7769
4	1047	51.6945
4	1048	69.4974
4	1049	55.3613
4	1050	72.9187
4	1051	60.1330
4	1052	55.5021
4	1053	58.8064
4	1054	49.9091
4	1055	53.0586
4	1056	58.8520
4	1057	56.8891
4	1058	63.0365
4	1059	55.9992
4	1060	60.7681
4	1061	67.5994
4	1062	63.7629
4	1063	78.9208
4	1064	76.1000
4	1065	51.8348
4	1066	83.9023
4	1067	57.6330
4	1068	67.7021
4	1069	88.6497
4	1070	63.7612
4	1071	70.0543
4	1072	73.5654
4	1073	73.8252
4	1074	64.1645
4	1075	56.2986
4	1076	50.9084
4	1077	60.7672
4	1078	51.5985
4	1079	55.3459
4	1080	48.4851
4	1081	53.4690
4	1082	38.7063
4	1083	45.9073
4	1084	45.8137
4	1085	62.3153
4	1086	62.2878
4	1087	52.3345
4	1088	71.5647
4	1089	77.7860
4	1090	66.8274
4	1091	56.9160
4	1092	65.2371
4	1093	64.2435
4	1094	56.5424
4	1095	46.5986
4	1096	47.0286
4	1097	58.2516
4	1098	58.8356
4	1099	60.5295
4	1100	75.8987
4	1101	72.9622
4	1102	54.4340
4	1103	51.1256
4	1104	81.7409
4	1105	63.0551
4	1106	45.7106
4	1107	57.8090
4	1108	56.6569
4	1109	60.3408
4	1110	59.4956
4	1111	60.7518
4	1112	74.2725
4	1113	49.9798
4	1114	82.9999
4	1115	69.0810
4	1116	67.5496
4	1117	62.1296
4	1118	72.0981
4	1119	79.0074
4	1120	34.1294
4	1121	52.6309
4	1122	63.6895
4	1123	51.0395
4	1124	55.6532
4	1125	46.6770
4	1126	46.5700
4	1127	62.1730
4	1128	48.6989
4	1129	49.1441
4	1130	81.1955
4	1131	45.5541
4	1132	80.3258
4	1133	65.6303
4	1134	43.0116
4	1135	62.0176
4	1136	60.0341
4	1137	54.5121
4	1138	55.9349
4	1139	58.6927
4	1140	84.9206
4	1141	47.2291
4	1142	63.4734
4	1143	45.4032
4	1144	70.3876
4	1145	78.8735
4	1146	65.4820
4	1147	58.8901
4	1148	42.6687
4	1149	59.6242
4	1150	58.4112
4	1151	51.4729
4	1152	47.9156
4	1153	66.2670
4	1154	90.1038
4	1155	52.9376
4	1156	39.2907
4	1157	62.9855
4	1158	62.2513
4	1159	65.5833
4	1160	61.9038
4	1161	69.9055
4	1162	55.9622
4	1163	54.9964
4	1164	57.6084
4	1165	69.7667
End of Epoch 4 - Average Train Perplexity: 58.2933
5	1	62.8901
5	2	44.6107
5	3	94.7195
5	4	41.2021
5	5	71.0792
5	6	37.9570
5	7	57.1632
5	8	61.5854
5	9	70.2586
5	10	55.2867
5	11	70.7916
5	12	73.5047
5	13	48.3832
5	14	52.7048
5	15	73.6517
5	16	57.7504
5	17	61.9622
5	18	67.7454
5	19	47.2063
5	20	56.6573
5	21	53.0916
5	22	50.3499
5	23	50.2798
5	24	33.5229
5	25	61.8074
5	26	38.1436
5	27	52.9760
5	28	72.0238
5	29	49.0987
5	30	74.5843
5	31	55.0937
5	32	67.5422
5	33	54.5566
5	34	39.9061
5	35	56.3177
5	36	46.9930
5	37	71.4787
5	38	46.5430
5	39	52.5954
5	40	62.7465
5	41	46.8168
5	42	44.8218
5	43	52.1548
5	44	50.9829
5	45	35.3105
5	46	58.4485
5	47	53.0859
5	48	60.6118
5	49	58.5113
5	50	62.3481
5	51	58.7667
5	52	38.5682
5	53	58.0061
5	54	58.0037
5	55	68.3023
5	56	55.7997
5	57	45.6453
5	58	45.7431
5	59	59.2251
5	60	64.0778
5	61	56.3184
5	62	43.7860
5	63	43.1410
5	64	55.4123
5	65	46.0663
5	66	65.6086
5	67	45.5055
5	68	58.8217
5	69	64.1951
5	70	55.8792
5	71	64.1039
5	72	60.4241
5	73	60.2110
5	74	54.6008
5	75	40.2463
5	76	62.9499
5	77	60.9625
5	78	91.8236
5	79	69.5966
5	80	53.0179
5	81	65.3913
5	82	53.6565
5	83	57.8540
5	84	47.2491
5	85	45.3784
5	86	54.5774
5	87	44.8719
5	88	53.3942
5	89	60.5546
5	90	74.3291
5	91	47.2495
5	92	67.6731
5	93	63.5333
5	94	101.3788
5	95	46.6049
5	96	37.7450
5	97	39.6579
5	98	65.1178
5	99	53.7039
5	100	53.0621
5	101	53.5282
5	102	53.4478
5	103	60.1776
5	104	61.2628
5	105	57.6079
5	106	48.4827
5	107	42.1991
5	108	45.2487
5	109	53.2354
5	110	51.8569
5	111	49.1500
5	112	38.2244
5	113	49.0044
5	114	73.0614
5	115	60.8191
5	116	51.3445
5	117	42.8905
5	118	58.4512
5	119	67.5179
5	120	60.8200
5	121	63.1253
5	122	66.8426
5	123	45.9940
5	124	65.2384
5	125	44.0191
5	126	58.9328
5	127	82.9845
5	128	50.1780
5	129	56.7089
5	130	35.6480
5	131	69.3857
5	132	51.9660
5	133	46.3855
5	134	40.8802
5	135	57.2755
5	136	51.8689
5	137	45.4934
5	138	51.9891
5	139	60.6275
5	140	60.1236
5	141	67.1367
5	142	66.9033
5	143	72.5588
5	144	58.8714
5	145	59.9360
5	146	47.9902
5	147	70.0656
5	148	58.1872
5	149	52.7440
5	150	60.9750
5	151	69.8739
5	152	58.7981
5	153	51.2840
5	154	54.3509
5	155	58.9286
5	156	44.8027
5	157	50.2000
5	158	65.3197
5	159	69.3054
5	160	41.3312
5	161	47.9123
5	162	59.8173
5	163	55.2275
5	164	61.5287
5	165	48.3613
5	166	64.3428
5	167	58.8446
5	168	44.5734
5	169	57.9608
5	170	26.9767
5	171	67.7329
5	172	43.0838
5	173	48.0804
5	174	79.6905
5	175	42.5179
5	176	51.4002
5	177	63.0916
5	178	46.1843
5	179	41.5713
5	180	62.1569
5	181	87.5439
5	182	61.3578
5	183	52.4704
5	184	40.7843
5	185	47.4734
5	186	52.0041
5	187	54.8234
5	188	45.2130
5	189	43.0769
5	190	42.5779
5	191	45.1220
5	192	46.4043
5	193	59.2890
5	194	51.2510
5	195	68.7259
5	196	48.6171
5	197	46.9070
5	198	66.0736
5	199	53.6887
5	200	63.2442
5	201	62.1363
5	202	48.0857
5	203	37.1609
5	204	64.5166
5	205	49.7137
5	206	45.5414
5	207	67.9891
5	208	70.2006
5	209	48.0030
5	210	45.7906
5	211	56.1439
5	212	66.7947
5	213	50.2753
5	214	57.9902
5	215	44.7212
5	216	60.5084
5	217	34.7977
5	218	46.3429
5	219	56.4440
5	220	44.5392
5	221	55.8187
5	222	39.3419
5	223	50.6704
5	224	64.8772
5	225	67.8608
5	226	50.2345
5	227	47.3491
5	228	49.3872
5	229	69.4522
5	230	35.9251
5	231	48.2487
5	232	59.6045
5	233	61.5327
5	234	93.7477
5	235	58.2577
5	236	48.7351
5	237	48.2550
5	238	65.8550
5	239	52.2206
5	240	58.1920
5	241	55.4825
5	242	61.0678
5	243	49.8516
5	244	68.4205
5	245	67.9669
5	246	58.2549
5	247	43.9318
5	248	49.1848
5	249	60.7521
5	250	75.2950
5	251	46.6653
5	252	59.3251
5	253	52.0362
5	254	43.8448
5	255	41.9574
5	256	45.2273
5	257	88.3294
5	258	44.0753
5	259	39.9331
5	260	52.5595
5	261	61.6295
5	262	43.6368
5	263	45.9905
5	264	38.4525
5	265	52.9075
5	266	50.6290
5	267	61.2871
5	268	69.2714
5	269	63.2572
5	270	40.2376
5	271	68.0550
5	272	55.3152
5	273	45.0116
5	274	55.2894
5	275	48.7788
5	276	53.9290
5	277	71.2565
5	278	73.0138
5	279	70.9857
5	280	50.2231
5	281	51.3796
5	282	59.2048
5	283	51.5281
5	284	62.5753
5	285	39.9114
5	286	54.0187
5	287	48.4295
5	288	38.3142
5	289	68.1523
5	290	48.6760
5	291	50.3120
5	292	68.5759
5	293	57.4930
5	294	59.3974
5	295	66.9702
5	296	69.4715
5	297	46.3204
5	298	50.5219
5	299	63.4681
5	300	51.8966
5	301	53.8669
5	302	61.2761
5	303	61.9234
5	304	51.2838
5	305	61.7687
5	306	50.2148
5	307	42.7242
5	308	44.5546
5	309	73.3195
5	310	73.3139
5	311	62.0618
5	312	87.1220
5	313	63.8247
5	314	68.1370
5	315	71.1551
5	316	56.5081
5	317	48.4686
5	318	75.1934
5	319	62.6536
5	320	59.9244
5	321	43.7498
5	322	31.8757
5	323	54.7780
5	324	64.5080
5	325	56.0404
5	326	56.9467
5	327	50.1521
5	328	52.5007
5	329	44.0245
5	330	49.0397
5	331	42.9902
5	332	64.5077
5	333	43.9001
5	334	52.5153
5	335	41.8242
5	336	50.2318
5	337	33.5809
5	338	37.1530
5	339	75.5819
5	340	71.8243
5	341	73.2820
5	342	30.4741
5	343	57.3311
5	344	33.1914
5	345	55.5339
5	346	54.7305
5	347	38.6476
5	348	56.2977
5	349	63.4235
5	350	67.4122
5	351	64.7497
5	352	54.4075
5	353	54.3911
5	354	61.0443
5	355	87.7304
5	356	64.4867
5	357	49.2048
5	358	45.2595
5	359	64.3696
5	360	39.6654
5	361	55.8650
5	362	51.2208
5	363	48.4675
5	364	56.3959
5	365	55.0212
5	366	65.1341
5	367	66.5197
5	368	73.9485
5	369	57.4387
5	370	56.6729
5	371	48.6487
5	372	55.7457
5	373	55.5491
5	374	44.9198
5	375	58.9878
5	376	51.6067
5	377	51.0544
5	378	35.9172
5	379	56.2850
5	380	59.1495
5	381	63.5288
5	382	58.0299
5	383	59.6045
5	384	45.3190
5	385	61.1815
5	386	49.3499
5	387	69.3678
5	388	51.4415
5	389	55.4697
5	390	61.5292
5	391	55.3725
5	392	74.7863
5	393	51.8093
5	394	60.5546
5	395	64.3005
5	396	62.2081
5	397	49.9629
5	398	30.5774
5	399	39.3962
5	400	62.3437
5	401	67.0223
5	402	59.2851
5	403	40.8519
5	404	82.0901
5	405	65.5348
5	406	47.0003
5	407	53.1353
5	408	72.4943
5	409	38.1820
5	410	48.3431
5	411	59.7189
5	412	51.3404
5	413	64.6626
5	414	63.2615
5	415	59.6780
5	416	53.8929
5	417	77.9908
5	418	64.2232
5	419	65.7089
5	420	47.5750
5	421	66.0746
5	422	49.5432
5	423	50.6083
5	424	63.4640
5	425	50.8148
5	426	56.2775
5	427	50.7839
5	428	51.5680
5	429	46.1382
5	430	57.6976
5	431	57.2795
5	432	52.2577
5	433	60.3513
5	434	57.6844
5	435	66.1534
5	436	43.7416
5	437	34.4663
5	438	50.8455
5	439	63.7203
5	440	59.6073
5	441	49.4601
5	442	51.8380
5	443	68.9032
5	444	63.2661
5	445	40.3740
5	446	71.4819
5	447	48.8776
5	448	43.9882
5	449	48.5396
5	450	52.9240
5	451	43.1084
5	452	46.1727
5	453	54.9069
5	454	51.1924
5	455	53.5775
5	456	61.8755
5	457	55.1517
5	458	58.4443
5	459	59.9997
5	460	50.0444
5	461	59.8802
5	462	70.3831
5	463	80.4033
5	464	59.4922
5	465	58.3315
5	466	57.9355
5	467	74.5822
5	468	55.9542
5	469	50.7203
5	470	49.7926
5	471	44.0055
5	472	55.6853
5	473	37.3909
5	474	59.8796
5	475	55.5993
5	476	45.1792
5	477	56.8197
5	478	57.8029
5	479	64.9233
5	480	62.3336
5	481	47.1110
5	482	62.4656
5	483	44.9966
5	484	68.7576
5	485	49.8269
5	486	57.5221
5	487	67.1173
5	488	45.1108
5	489	67.0296
5	490	90.6172
5	491	62.0710
5	492	49.1533
5	493	72.2143
5	494	64.6581
5	495	82.0524
5	496	42.6046
5	497	40.5002
5	498	50.3216
5	499	81.5670
5	500	51.8003
5	501	60.3253
5	502	54.5257
5	503	54.3752
5	504	50.6029
5	505	49.7731
5	506	60.9277
5	507	44.2533
5	508	89.7594
5	509	71.5086
5	510	59.3141
5	511	84.3154
5	512	61.2689
5	513	63.1991
5	514	47.8065
5	515	65.0400
5	516	57.8283
5	517	38.3638
5	518	46.6210
5	519	52.7000
5	520	62.8145
5	521	46.9312
5	522	40.4738
5	523	46.6368
5	524	50.0362
5	525	50.4976
5	526	41.1168
5	527	59.6519
5	528	52.9162
5	529	70.8099
5	530	64.8138
5	531	65.1848
5	532	48.7565
5	533	57.1916
5	534	51.4867
5	535	54.1727
5	536	69.6948
5	537	54.6719
5	538	74.5569
5	539	58.2993
5	540	60.4600
5	541	54.3571
5	542	50.5808
5	543	58.7041
5	544	59.0311
5	545	39.5857
5	546	55.2214
5	547	55.5302
5	548	53.0209
5	549	58.8416
5	550	56.1748
5	551	56.0071
5	552	53.6486
5	553	94.9851
5	554	47.5778
5	555	44.8129
5	556	54.1185
5	557	54.6612
5	558	50.9807
5	559	52.5861
5	560	41.3502
5	561	74.6662
5	562	67.4386
5	563	48.1105
5	564	82.5852
5	565	75.0915
5	566	61.6177
5	567	61.3899
5	568	63.7380
5	569	58.0154
5	570	54.5666
5	571	48.4727
5	572	49.6264
5	573	45.7419
5	574	49.4582
5	575	52.4663
5	576	60.1238
5	577	62.2403
5	578	63.8142
5	579	44.1366
5	580	61.2438
5	581	84.3885
5	582	55.8833
5	583	71.4249
5	584	72.1218
5	585	46.7445
5	586	57.0475
5	587	61.5678
5	588	63.8676
5	589	46.9108
5	590	58.9478
5	591	49.1869
5	592	46.1072
5	593	48.7263
5	594	67.6705
5	595	51.7069
5	596	49.3456
5	597	64.2120
5	598	54.9971
5	599	52.7857
5	600	45.2107
5	601	57.6179
5	602	55.5088
5	603	41.4238
5	604	60.1115
5	605	52.7131
5	606	42.8197
5	607	47.1034
5	608	50.1163
5	609	82.2263
5	610	46.5176
5	611	49.8417
5	612	47.6702
5	613	62.9980
5	614	64.4469
5	615	60.9980
5	616	48.5149
5	617	53.7757
5	618	62.7449
5	619	76.1214
5	620	54.9510
5	621	54.1450
5	622	65.9290
5	623	57.1962
5	624	67.2326
5	625	49.3437
5	626	47.2341
5	627	60.8889
5	628	55.7574
5	629	45.5674
5	630	56.0247
5	631	75.3350
5	632	69.1517
5	633	59.5920
5	634	51.6224
5	635	50.5181
5	636	51.3889
5	637	51.0339
5	638	68.1230
5	639	59.0017
5	640	70.9680
5	641	53.1105
5	642	79.3267
5	643	53.4679
5	644	71.0869
5	645	66.5163
5	646	47.7179
5	647	51.8884
5	648	45.0581
5	649	79.1630
5	650	47.8940
5	651	50.7041
5	652	43.6011
5	653	45.1790
5	654	55.6962
5	655	49.7309
5	656	85.1990
5	657	62.9755
5	658	60.2594
5	659	54.5210
5	660	71.5206
5	661	49.4080
5	662	54.7546
5	663	44.8554
5	664	50.6500
5	665	45.2105
5	666	45.6863
5	667	39.0263
5	668	42.3741
5	669	80.4452
5	670	70.7381
5	671	52.7366
5	672	79.8811
5	673	55.4733
5	674	63.3126
5	675	42.3367
5	676	78.8593
5	677	49.5852
5	678	67.2721
5	679	45.6713
5	680	63.5055
5	681	52.3348
5	682	56.9094
5	683	57.1583
5	684	45.5644
5	685	51.9816
5	686	63.2016
5	687	77.5067
5	688	53.5783
5	689	51.8368
5	690	59.6639
5	691	54.6245
5	692	78.8911
5	693	61.6912
5	694	49.7929
5	695	60.8192
5	696	57.6743
5	697	67.0262
5	698	36.1756
5	699	82.1204
5	700	64.0148
5	701	84.1372
5	702	52.5444
5	703	72.2818
5	704	71.1785
5	705	48.5609
5	706	57.3777
5	707	55.2183
5	708	46.8852
5	709	54.7055
5	710	58.4863
5	711	52.9773
5	712	57.2707
5	713	54.3782
5	714	36.7472
5	715	45.8444
5	716	44.3864
5	717	45.1297
5	718	54.8528
5	719	65.0996
5	720	70.2762
5	721	64.0875
5	722	63.7817
5	723	60.3731
5	724	66.4141
5	725	58.5108
5	726	75.5984
5	727	89.2359
5	728	67.2319
5	729	45.3132
5	730	48.6199
5	731	55.5268
5	732	60.4014
5	733	51.4358
5	734	45.4519
5	735	69.2825
5	736	80.0037
5	737	45.5521
5	738	60.8876
5	739	62.7535
5	740	54.8052
5	741	49.0713
5	742	44.5550
5	743	56.7323
5	744	49.5481
5	745	58.1276
5	746	58.9772
5	747	64.5444
5	748	60.3299
5	749	71.8059
5	750	73.3776
5	751	56.0857
5	752	48.2702
5	753	76.6542
5	754	59.0649
5	755	59.2067
5	756	63.0980
5	757	58.1748
5	758	49.3909
5	759	72.9815
5	760	72.3875
5	761	47.5382
5	762	62.5808
5	763	56.4556
5	764	57.0885
5	765	47.8840
5	766	56.2517
5	767	61.8547
5	768	40.5711
5	769	37.0893
5	770	64.2528
5	771	59.1465
5	772	69.0768
5	773	55.0124
5	774	73.5260
5	775	62.4562
5	776	60.2626
5	777	64.3569
5	778	64.5913
5	779	52.3356
5	780	60.3095
5	781	51.4589
5	782	52.8288
5	783	60.8600
5	784	80.9672
5	785	82.7390
5	786	46.3243
5	787	54.5096
5	788	68.7004
5	789	74.7282
5	790	73.0538
5	791	61.4083
5	792	44.7764
5	793	43.2015
5	794	40.4150
5	795	64.7877
5	796	61.8917
5	797	58.5609
5	798	57.6146
5	799	75.4461
5	800	53.8154
5	801	57.9836
5	802	64.8466
5	803	58.8450
5	804	68.1885
5	805	57.1056
5	806	92.3409
5	807	39.2899
5	808	67.3418
5	809	54.9870
5	810	57.5261
5	811	49.2092
5	812	56.0672
5	813	56.5370
5	814	60.2763
5	815	49.5437
5	816	45.5250
5	817	59.7673
5	818	51.9693
5	819	46.8803
5	820	44.0090
5	821	63.9904
5	822	51.8081
5	823	50.0864
5	824	81.8344
5	825	59.1026
5	826	37.0770
5	827	56.3099
5	828	45.1870
5	829	88.7247
5	830	65.4297
5	831	39.5622
5	832	49.3830
5	833	63.4181
5	834	50.9349
5	835	74.0735
5	836	45.4706
5	837	51.7160
5	838	52.7899
5	839	67.5270
5	840	48.9132
5	841	66.1207
5	842	80.6379
5	843	51.7199
5	844	45.2934
5	845	72.9486
5	846	69.4358
5	847	61.1747
5	848	49.9727
5	849	55.9502
5	850	55.0921
5	851	68.8654
5	852	95.0000
5	853	55.6183
5	854	47.5189
5	855	55.0815
5	856	56.3494
5	857	48.2207
5	858	70.0658
5	859	47.2497
5	860	50.2111
5	861	61.1922
5	862	57.7036
5	863	60.1653
5	864	45.1869
5	865	62.6387
5	866	45.0930
5	867	68.2360
5	868	42.3075
5	869	60.6573
5	870	45.8115
5	871	71.2708
5	872	55.5514
5	873	53.2137
5	874	54.0944
5	875	31.2681
5	876	46.6199
5	877	47.9772
5	878	35.5710
5	879	71.9980
5	880	56.3433
5	881	61.0178
5	882	45.4524
5	883	53.1993
5	884	50.0062
5	885	47.2492
5	886	85.3501
5	887	60.4885
5	888	44.4837
5	889	54.6418
5	890	63.0172
5	891	49.9943
5	892	76.3594
5	893	54.8316
5	894	47.5835
5	895	52.2282
5	896	60.3962
5	897	51.3359
5	898	61.2053
5	899	59.0840
5	900	57.3943
5	901	46.0923
5	902	64.3262
5	903	45.5848
5	904	59.3161
5	905	71.7226
5	906	57.6527
5	907	61.0952
5	908	51.7095
5	909	48.7904
5	910	66.0245
5	911	62.0708
5	912	46.2894
5	913	45.2636
5	914	47.8838
5	915	67.9292
5	916	64.2487
5	917	34.9898
5	918	53.5581
5	919	65.4846
5	920	61.9014
5	921	44.7411
5	922	44.4816
5	923	52.2560
5	924	70.9108
5	925	71.0272
5	926	69.6664
5	927	52.1848
5	928	80.5661
5	929	48.1013
5	930	59.6884
5	931	56.1272
5	932	47.4976
5	933	53.5221
5	934	43.9977
5	935	31.3765
5	936	45.4363
5	937	55.2660
5	938	43.5761
5	939	51.2293
5	940	49.2479
5	941	64.4444
5	942	69.5297
5	943	36.9588
5	944	56.7028
5	945	49.0900
5	946	41.5637
5	947	55.1450
5	948	57.1161
5	949	57.0449
5	950	37.0128
5	951	54.2244
5	952	64.0743
5	953	62.0925
5	954	55.9208
5	955	41.6789
5	956	48.5895
5	957	53.5854
5	958	77.8951
5	959	56.9595
5	960	50.4277
5	961	65.8547
5	962	51.5960
5	963	73.7199
5	964	48.2052
5	965	83.3707
5	966	41.3927
5	967	88.7687
5	968	43.3611
5	969	46.8865
5	970	61.9781
5	971	45.6687
5	972	62.3544
5	973	40.4766
5	974	49.0378
5	975	72.9553
5	976	70.4613
5	977	61.2602
5	978	60.3173
5	979	68.3145
5	980	61.6193
5	981	54.8748
5	982	65.0618
5	983	64.7545
5	984	51.4078
5	985	51.9737
5	986	52.8127
5	987	68.1891
5	988	45.2428
5	989	43.7480
5	990	40.5415
5	991	53.4765
5	992	64.3860
5	993	49.6105
5	994	67.0688
5	995	63.6426
5	996	64.9754
5	997	73.4092
5	998	50.7623
5	999	58.6784
5	1000	54.7655
5	1001	74.2305
5	1002	37.3760
5	1003	66.7151
5	1004	45.6483
5	1005	44.6373
5	1006	66.5335
5	1007	58.3813
5	1008	57.9461
5	1009	44.3591
5	1010	61.2512
5	1011	51.3513
5	1012	54.5386
5	1013	59.5777
5	1014	69.5506
5	1015	57.6994
5	1016	76.0023
5	1017	50.6177
5	1018	85.1186
5	1019	59.4347
5	1020	65.4454
5	1021	71.1855
5	1022	60.9846
5	1023	45.9102
5	1024	57.8210
5	1025	53.4574
5	1026	47.3334
5	1027	44.7616
5	1028	50.2352
5	1029	69.3158
5	1030	46.3653
5	1031	44.4786
5	1032	49.5794
5	1033	41.1256
5	1034	62.2780
5	1035	52.9120
5	1036	56.8541
5	1037	43.0031
5	1038	60.5199
5	1039	60.1177
5	1040	50.1215
5	1041	49.5927
5	1042	45.7541
5	1043	44.2668
5	1044	64.9608
5	1045	62.5624
5	1046	62.5118
5	1047	50.6011
5	1048	60.5430
5	1049	44.0691
5	1050	38.3379
5	1051	34.5311
5	1052	49.6384
5	1053	85.0424
5	1054	53.7422
5	1055	50.6698
5	1056	48.6591
5	1057	68.9504
5	1058	60.5828
5	1059	54.4819
5	1060	81.4952
5	1061	59.3281
5	1062	61.1777
5	1063	62.8682
5	1064	52.1017
5	1065	63.3797
5	1066	47.7609
5	1067	55.9000
5	1068	45.9225
5	1069	50.4217
5	1070	53.6147
5	1071	43.8100
5	1072	58.3261
5	1073	71.9732
5	1074	51.3310
5	1075	52.1070
5	1076	71.8530
5	1077	49.6711
5	1078	59.0988
5	1079	59.9661
5	1080	53.7448
5	1081	51.6665
5	1082	75.1318
5	1083	80.1199
5	1084	74.8892
5	1085	52.4190
5	1086	42.8726
5	1087	44.9465
5	1088	58.6404
5	1089	50.1091
5	1090	37.3789
5	1091	60.6942
5	1092	41.6850
5	1093	61.9503
5	1094	46.9632
5	1095	48.4323
5	1096	45.0886
5	1097	59.3998
5	1098	58.0944
5	1099	44.1622
5	1100	86.0668
5	1101	53.3989
5	1102	80.1361
5	1103	75.3153
5	1104	47.2562
5	1105	56.4333
5	1106	42.3360
5	1107	43.4883
5	1108	64.3307
5	1109	81.4295
5	1110	52.2645
5	1111	43.5590
5	1112	52.5110
5	1113	60.1883
5	1114	51.8892
5	1115	52.9155
5	1116	57.8225
5	1117	54.4683
5	1118	46.1600
5	1119	51.8650
5	1120	65.1236
5	1121	48.7672
5	1122	62.2110
5	1123	64.2474
5	1124	53.0499
5	1125	41.9284
5	1126	66.3963
5	1127	59.4291
5	1128	65.5896
5	1129	65.8046
5	1130	75.5628
5	1131	54.6243
5	1132	64.4214
5	1133	52.8150
5	1134	40.5927
5	1135	43.7104
5	1136	66.6753
5	1137	60.4830
5	1138	50.8963
5	1139	50.8462
5	1140	64.1958
5	1141	51.3769
5	1142	44.0555
5	1143	77.1293
5	1144	68.2559
5	1145	62.0412
5	1146	58.8381
5	1147	59.3412
5	1148	51.7802
5	1149	58.6205
5	1150	44.4881
5	1151	40.6250
5	1152	42.1947
5	1153	69.5237
5	1154	44.0218
5	1155	54.8826
5	1156	52.3681
5	1157	48.0743
5	1158	73.5443
5	1159	42.8882
5	1160	56.3534
5	1161	67.0672
5	1162	57.1989
5	1163	61.0997
5	1164	64.4897
5	1165	71.2718
End of Epoch 5 - Average Train Perplexity: 55.5925
